Dynamical matrix file
Phonon dispersions for Si                                                  
  1    2  2 10.3463000  0.0000000  0.0000000  0.0000000  0.0000000  0.0000000
           1  'Si  '    25598.8229845270     
    1    1      0.0000000000      0.0000000000      0.0000000000
    2    1     -0.2500000000      0.2500000000      0.2500000000

     Dynamical  Matrix in cartesian axes

     q = (    0.750000000  -0.250000000   0.750000000 ) 

    1    1
  0.24435426  0.00000000   -0.00616167 -0.00795951    0.00575483  0.00000000
 -0.00616167  0.00795951    0.29456587  0.00000000   -0.00616167  0.00795951
  0.00575483  0.00000000   -0.00616167 -0.00795951    0.24435426  0.00000000
    1    2
 -0.06100471  0.05985705   -0.04299400  0.04064259    0.13410652  0.04107116
 -0.04299400  0.04064259   -0.07955536  0.05822881   -0.04299400  0.04064259
  0.13410652  0.04107116   -0.04299400  0.04064259   -0.06100471  0.05985705
    2    1
 -0.06100471 -0.05985705   -0.04299400 -0.04064259    0.13410652 -0.04107116
 -0.04299400 -0.04064259   -0.07955536 -0.05822881   -0.04299400 -0.04064259
  0.13410652 -0.04107116   -0.04299400 -0.04064259   -0.06100471 -0.05985705
    2    2
  0.24435426  0.00000000   -0.00616167  0.00795951    0.00575483  0.00000000
 -0.00616167 -0.00795951    0.29456587  0.00000000   -0.00616167 -0.00795951
  0.00575483  0.00000000   -0.00616167  0.00795951    0.24435426  0.00000000

     Dynamical  Matrix in cartesian axes

     q = (    0.750000000  -0.250000000  -0.750000000 ) 

    1    1
  0.24435426  0.00000000   -0.00616167  0.00795951   -0.00575483  0.00000000
 -0.00616167 -0.00795951    0.29456587  0.00000000    0.00616167  0.00795951
 -0.00575483  0.00000000    0.00616167 -0.00795951    0.24435426  0.00000000
    1    2
  0.06100471  0.05985705    0.04299400  0.04064259    0.13410652 -0.04107116
  0.04299400  0.04064259    0.07955536  0.05822881   -0.04299400 -0.04064259
  0.13410652 -0.04107116   -0.04299400 -0.04064259    0.06100471  0.05985705
    2    1
  0.06100471 -0.05985705    0.04299400 -0.04064259    0.13410652  0.04107116
  0.04299400 -0.04064259    0.07955536 -0.05822881   -0.04299400  0.04064259
  0.13410652  0.04107116   -0.04299400  0.04064259    0.06100471 -0.05985705
    2    2
  0.24435426  0.00000000   -0.00616167 -0.00795951   -0.00575483  0.00000000
 -0.00616167  0.00795951    0.29456587  0.00000000    0.00616167 -0.00795951
 -0.00575483  0.00000000    0.00616167  0.00795951    0.24435426  0.00000000

     Dynamical  Matrix in cartesian axes

     q = (   -0.750000000  -0.250000000  -0.750000000 ) 

    1    1
  0.24435426  0.00000000    0.00616167  0.00795951    0.00575483  0.00000000
  0.00616167 -0.00795951    0.29456587  0.00000000    0.00616167 -0.00795951
  0.00575483  0.00000000    0.00616167  0.00795951    0.24435426  0.00000000
    1    2
 -0.06100471  0.05985705    0.04299400 -0.04064259    0.13410652  0.04107116
  0.04299400 -0.04064259   -0.07955536  0.05822881    0.04299400 -0.04064259
  0.13410652  0.04107116    0.04299400 -0.04064259   -0.06100471  0.05985705
    2    1
 -0.06100471 -0.05985705    0.04299400  0.04064259    0.13410652 -0.04107116
  0.04299400  0.04064259   -0.07955536 -0.05822881    0.04299400  0.04064259
  0.13410652 -0.04107116    0.04299400  0.04064259   -0.06100471 -0.05985705
    2    2
  0.24435426  0.00000000    0.00616167 -0.00795951    0.00575483  0.00000000
  0.00616167  0.00795951    0.29456587  0.00000000    0.00616167  0.00795951
  0.00575483  0.00000000    0.00616167 -0.00795951    0.24435426  0.00000000

     Dynamical  Matrix in cartesian axes

     q = (   -0.750000000  -0.250000000   0.750000000 ) 

    1    1
  0.24435426  0.00000000    0.00616167 -0.00795951   -0.00575483  0.00000000
  0.00616167  0.00795951    0.29456587  0.00000000   -0.00616167 -0.00795951
 -0.00575483  0.00000000   -0.00616167  0.00795951    0.24435426  0.00000000
    1    2
 -0.05985705  0.06100471    0.04064259 -0.04299400    0.04107116  0.13410652
  0.04064259 -0.04299400   -0.05822881  0.07955536   -0.04064259  0.04299400
  0.04107116  0.13410652   -0.04064259  0.04299400   -0.05985705  0.06100471
    2    1
 -0.05985705 -0.06100471    0.04064259  0.04299400    0.04107116 -0.13410652
  0.04064259  0.04299400   -0.05822881 -0.07955536   -0.04064259 -0.04299400
  0.04107116 -0.13410652   -0.04064259 -0.04299400   -0.05985705 -0.06100471
    2    2
  0.24435426  0.00000000    0.00616167  0.00795951   -0.00575483  0.00000000
  0.00616167 -0.00795951    0.29456587  0.00000000   -0.00616167  0.00795951
 -0.00575483  0.00000000   -0.00616167 -0.00795951    0.24435426  0.00000000

     Dynamical  Matrix in cartesian axes

     q = (   -0.750000000   0.250000000  -0.750000000 ) 

    1    1
  0.24435426  0.00000000   -0.00616167  0.00795951    0.00575483  0.00000000
 -0.00616167 -0.00795951    0.29456587  0.00000000   -0.00616167 -0.00795951
  0.00575483  0.00000000   -0.00616167  0.00795951    0.24435426  0.00000000
    1    2
 -0.06100471 -0.05985705   -0.04299400 -0.04064259    0.13410652 -0.04107116
 -0.04299400 -0.04064259   -0.07955536 -0.05822881   -0.04299400 -0.04064259
  0.13410652 -0.04107116   -0.04299400 -0.04064259   -0.06100471 -0.05985705
    2    1
 -0.06100471  0.05985705   -0.04299400  0.04064259    0.13410652  0.04107116
 -0.04299400  0.04064259   -0.07955536  0.05822881   -0.04299400  0.04064259
  0.13410652  0.04107116   -0.04299400  0.04064259   -0.06100471  0.05985705
    2    2
  0.24435426  0.00000000   -0.00616167 -0.00795951    0.00575483  0.00000000
 -0.00616167  0.00795951    0.29456587  0.00000000   -0.00616167  0.00795951
  0.00575483  0.00000000   -0.00616167 -0.00795951    0.24435426  0.00000000

     Dynamical  Matrix in cartesian axes

     q = (   -0.250000000   0.750000000  -0.750000000 ) 

    1    1
  0.29456587  0.00000000   -0.00616167 -0.00795951    0.00616167  0.00795951
 -0.00616167  0.00795951    0.24435426  0.00000000   -0.00575483  0.00000000
  0.00616167 -0.00795951   -0.00575483  0.00000000    0.24435426  0.00000000
    1    2
 -0.07955536 -0.05822881   -0.04299400 -0.04064259    0.04299400  0.04064259
 -0.04299400 -0.04064259   -0.06100471 -0.05985705   -0.13410652  0.04107116
  0.04299400  0.04064259   -0.13410652  0.04107116   -0.06100471 -0.05985705
    2    1
 -0.07955536  0.05822881   -0.04299400  0.04064259    0.04299400 -0.04064259
 -0.04299400  0.04064259   -0.06100471  0.05985705   -0.13410652 -0.04107116
  0.04299400 -0.04064259   -0.13410652 -0.04107116   -0.06100471  0.05985705
    2    2
  0.29456587  0.00000000   -0.00616167  0.00795951    0.00616167 -0.00795951
 -0.00616167 -0.00795951    0.24435426  0.00000000   -0.00575483  0.00000000
  0.00616167  0.00795951   -0.00575483  0.00000000    0.24435426  0.00000000

     Dynamical  Matrix in cartesian axes

     q = (   -0.750000000   0.750000000  -0.250000000 ) 

    1    1
  0.24435426  0.00000000   -0.00575483  0.00000000    0.00616167 -0.00795951
 -0.00575483  0.00000000    0.24435426  0.00000000   -0.00616167  0.00795951
  0.00616167  0.00795951   -0.00616167 -0.00795951    0.29456587  0.00000000
    1    2
 -0.05985705  0.06100471    0.04107116  0.13410652    0.04064259 -0.04299400
  0.04107116  0.13410652   -0.05985705  0.06100471   -0.04064259  0.04299400
  0.04064259 -0.04299400   -0.04064259  0.04299400   -0.05822881  0.07955536
    2    1
 -0.05985705 -0.06100471    0.04107116 -0.13410652    0.04064259  0.04299400
  0.04107116 -0.13410652   -0.05985705 -0.06100471   -0.04064259 -0.04299400
  0.04064259  0.04299400   -0.04064259 -0.04299400   -0.05822881 -0.07955536
    2    2
  0.24435426  0.00000000   -0.00575483  0.00000000    0.00616167  0.00795951
 -0.00575483  0.00000000    0.24435426  0.00000000   -0.00616167 -0.00795951
  0.00616167 -0.00795951   -0.00616167  0.00795951    0.29456587  0.00000000

     Dynamical  Matrix in cartesian axes

     q = (    0.750000000   0.250000000   0.750000000 ) 

    1    1
  0.24435426  0.00000000    0.00616167 -0.00795951    0.00575483  0.00000000
  0.00616167  0.00795951    0.29456587  0.00000000    0.00616167  0.00795951
  0.00575483  0.00000000    0.00616167 -0.00795951    0.24435426  0.00000000
    1    2
 -0.06100471 -0.05985705    0.04299400  0.04064259    0.13410652 -0.04107116
  0.04299400  0.04064259   -0.07955536 -0.05822881    0.04299400  0.04064259
  0.13410652 -0.04107116    0.04299400  0.04064259   -0.06100471 -0.05985705
    2    1
 -0.06100471  0.05985705    0.04299400 -0.04064259    0.13410652  0.04107116
  0.04299400 -0.04064259   -0.07955536  0.05822881    0.04299400 -0.04064259
  0.13410652  0.04107116    0.04299400 -0.04064259   -0.06100471  0.05985705
    2    2
  0.24435426  0.00000000    0.00616167  0.00795951    0.00575483  0.00000000
  0.00616167 -0.00795951    0.29456587  0.00000000    0.00616167 -0.00795951
  0.00575483  0.00000000    0.00616167  0.00795951    0.24435426  0.00000000

     Dynamical  Matrix in cartesian axes

     q = (   -0.750000000   0.250000000   0.750000000 ) 

    1    1
  0.24435426  0.00000000   -0.00616167 -0.00795951   -0.00575483  0.00000000
 -0.00616167  0.00795951    0.29456587  0.00000000    0.00616167 -0.00795951
 -0.00575483  0.00000000    0.00616167  0.00795951    0.24435426  0.00000000
    1    2
  0.06100471 -0.05985705    0.04299400 -0.04064259    0.13410652  0.04107116
  0.04299400 -0.04064259    0.07955536 -0.05822881   -0.04299400  0.04064259
  0.13410652  0.04107116   -0.04299400  0.04064259    0.06100471 -0.05985705
    2    1
  0.06100471  0.05985705    0.04299400  0.04064259    0.13410652 -0.04107116
  0.04299400  0.04064259    0.07955536  0.05822881   -0.04299400 -0.04064259
  0.13410652 -0.04107116   -0.04299400 -0.04064259    0.06100471  0.05985705
    2    2
  0.24435426  0.00000000   -0.00616167  0.00795951   -0.00575483  0.00000000
 -0.00616167 -0.00795951    0.29456587  0.00000000    0.00616167  0.00795951
 -0.00575483  0.00000000    0.00616167 -0.00795951    0.24435426  0.00000000

     Dynamical  Matrix in cartesian axes

     q = (    0.750000000   0.250000000  -0.750000000 ) 

    1    1
  0.24435426  0.00000000    0.00616167  0.00795951   -0.00575483  0.00000000
  0.00616167 -0.00795951    0.29456587  0.00000000   -0.00616167  0.00795951
 -0.00575483  0.00000000   -0.00616167 -0.00795951    0.24435426  0.00000000
    1    2
 -0.05985705 -0.06100471    0.04064259  0.04299400    0.04107116 -0.13410652
  0.04064259  0.04299400   -0.05822881 -0.07955536   -0.04064259 -0.04299400
  0.04107116 -0.13410652   -0.04064259 -0.04299400   -0.05985705 -0.06100471
    2    1
 -0.05985705  0.06100471    0.04064259 -0.04299400    0.04107116  0.13410652
  0.04064259 -0.04299400   -0.05822881  0.07955536   -0.04064259  0.04299400
  0.04107116  0.13410652   -0.04064259  0.04299400   -0.05985705  0.06100471
    2    2
  0.24435426  0.00000000    0.00616167 -0.00795951   -0.00575483  0.00000000
  0.00616167  0.00795951    0.29456587  0.00000000   -0.00616167 -0.00795951
 -0.00575483  0.00000000   -0.00616167  0.00795951    0.24435426  0.00000000

     Dynamical  Matrix in cartesian axes

     q = (   -0.750000000   0.750000000   0.250000000 ) 

    1    1
  0.24435426  0.00000000   -0.00575483  0.00000000   -0.00616167 -0.00795951
 -0.00575483  0.00000000    0.24435426  0.00000000    0.00616167  0.00795951
 -0.00616167  0.00795951    0.00616167 -0.00795951    0.29456587  0.00000000
    1    2
  0.06100471 -0.05985705    0.13410652  0.04107116    0.04299400 -0.04064259
  0.13410652  0.04107116    0.06100471 -0.05985705   -0.04299400  0.04064259
  0.04299400 -0.04064259   -0.04299400  0.04064259    0.07955536 -0.05822881
    2    1
  0.06100471  0.05985705    0.13410652 -0.04107116    0.04299400  0.04064259
  0.13410652 -0.04107116    0.06100471  0.05985705   -0.04299400 -0.04064259
  0.04299400  0.04064259   -0.04299400 -0.04064259    0.07955536  0.05822881
    2    2
  0.24435426  0.00000000   -0.00575483  0.00000000   -0.00616167  0.00795951
 -0.00575483  0.00000000    0.24435426  0.00000000    0.00616167 -0.00795951
 -0.00616167 -0.00795951    0.00616167  0.00795951    0.29456587  0.00000000

     Dynamical  Matrix in cartesian axes

     q = (   -0.250000000   0.750000000   0.750000000 ) 

    1    1
  0.29456587  0.00000000   -0.00616167  0.00795951   -0.00616167  0.00795951
 -0.00616167 -0.00795951    0.24435426  0.00000000    0.00575483  0.00000000
 -0.00616167 -0.00795951    0.00575483  0.00000000    0.24435426  0.00000000
    1    2
  0.07955536 -0.05822881    0.04299400 -0.04064259    0.04299400 -0.04064259
  0.04299400 -0.04064259    0.06100471 -0.05985705   -0.13410652 -0.04107116
  0.04299400 -0.04064259   -0.13410652 -0.04107116    0.06100471 -0.05985705
    2    1
  0.07955536  0.05822881    0.04299400  0.04064259    0.04299400  0.04064259
  0.04299400  0.04064259    0.06100471  0.05985705   -0.13410652  0.04107116
  0.04299400  0.04064259   -0.13410652  0.04107116    0.06100471  0.05985705
    2    2
  0.29456587  0.00000000   -0.00616167 -0.00795951   -0.00616167 -0.00795951
 -0.00616167  0.00795951    0.24435426  0.00000000    0.00575483  0.00000000
 -0.00616167  0.00795951    0.00575483  0.00000000    0.24435426  0.00000000

     Dynamical  Matrix in cartesian axes

     q = (    0.250000000   0.750000000  -0.750000000 ) 

    1    1
  0.29456587  0.00000000    0.00616167 -0.00795951   -0.00616167  0.00795951
  0.00616167  0.00795951    0.24435426  0.00000000   -0.00575483  0.00000000
 -0.00616167 -0.00795951   -0.00575483  0.00000000    0.24435426  0.00000000
    1    2
 -0.07955536  0.05822881    0.04299400 -0.04064259   -0.04299400  0.04064259
  0.04299400 -0.04064259   -0.06100471  0.05985705   -0.13410652 -0.04107116
 -0.04299400  0.04064259   -0.13410652 -0.04107116   -0.06100471  0.05985705
    2    1
 -0.07955536 -0.05822881    0.04299400  0.04064259   -0.04299400 -0.04064259
  0.04299400  0.04064259   -0.06100471 -0.05985705   -0.13410652  0.04107116
 -0.04299400 -0.04064259   -0.13410652  0.04107116   -0.06100471 -0.05985705
    2    2
  0.29456587  0.00000000    0.00616167  0.00795951   -0.00616167 -0.00795951
  0.00616167 -0.00795951    0.24435426  0.00000000   -0.00575483  0.00000000
 -0.00616167  0.00795951   -0.00575483  0.00000000    0.24435426  0.00000000

     Dynamical  Matrix in cartesian axes

     q = (   -0.250000000  -0.750000000  -0.750000000 ) 

    1    1
  0.29456587  0.00000000    0.00616167 -0.00795951    0.00616167 -0.00795951
  0.00616167  0.00795951    0.24435426  0.00000000    0.00575483  0.00000000
  0.00616167  0.00795951    0.00575483  0.00000000    0.24435426  0.00000000
    1    2
 -0.05822881 -0.07955536    0.04064259  0.04299400    0.04064259  0.04299400
  0.04064259  0.04299400   -0.05985705 -0.06100471   -0.04107116  0.13410652
  0.04064259  0.04299400   -0.04107116  0.13410652   -0.05985705 -0.06100471
    2    1
 -0.05822881  0.07955536    0.04064259 -0.04299400    0.04064259 -0.04299400
  0.04064259 -0.04299400   -0.05985705  0.06100471   -0.04107116 -0.13410652
  0.04064259 -0.04299400   -0.04107116 -0.13410652   -0.05985705  0.06100471
    2    2
  0.29456587  0.00000000    0.00616167  0.00795951    0.00616167  0.00795951
  0.00616167 -0.00795951    0.24435426  0.00000000    0.00575483  0.00000000
  0.00616167 -0.00795951    0.00575483  0.00000000    0.24435426  0.00000000

     Dynamical  Matrix in cartesian axes

     q = (    0.750000000   0.750000000  -0.250000000 ) 

    1    1
  0.24435426  0.00000000    0.00575483  0.00000000   -0.00616167 -0.00795951
  0.00575483  0.00000000    0.24435426  0.00000000   -0.00616167 -0.00795951
 -0.00616167  0.00795951   -0.00616167  0.00795951    0.29456587  0.00000000
    1    2
 -0.06100471  0.05985705    0.13410652  0.04107116   -0.04299400  0.04064259
  0.13410652  0.04107116   -0.06100471  0.05985705   -0.04299400  0.04064259
 -0.04299400  0.04064259   -0.04299400  0.04064259   -0.07955536  0.05822881
    2    1
 -0.06100471 -0.05985705    0.13410652 -0.04107116   -0.04299400 -0.04064259
  0.13410652 -0.04107116   -0.06100471 -0.05985705   -0.04299400 -0.04064259
 -0.04299400 -0.04064259   -0.04299400 -0.04064259   -0.07955536 -0.05822881
    2    2
  0.24435426  0.00000000    0.00575483  0.00000000   -0.00616167  0.00795951
  0.00575483  0.00000000    0.24435426  0.00000000   -0.00616167  0.00795951
 -0.00616167 -0.00795951   -0.00616167 -0.00795951    0.29456587  0.00000000

     Dynamical  Matrix in cartesian axes

     q = (    0.750000000  -0.750000000   0.250000000 ) 

    1    1
  0.24435426  0.00000000   -0.00575483  0.00000000    0.00616167  0.00795951
 -0.00575483  0.00000000    0.24435426  0.00000000   -0.00616167 -0.00795951
  0.00616167 -0.00795951   -0.00616167  0.00795951    0.29456587  0.00000000
    1    2
 -0.05985705 -0.06100471    0.04107116 -0.13410652    0.04064259  0.04299400
  0.04107116 -0.13410652   -0.05985705 -0.06100471   -0.04064259 -0.04299400
  0.04064259  0.04299400   -0.04064259 -0.04299400   -0.05822881 -0.07955536
    2    1
 -0.05985705  0.06100471    0.04107116  0.13410652    0.04064259 -0.04299400
  0.04107116  0.13410652   -0.05985705  0.06100471   -0.04064259  0.04299400
  0.04064259 -0.04299400   -0.04064259  0.04299400   -0.05822881  0.07955536
    2    2
  0.24435426  0.00000000   -0.00575483  0.00000000    0.00616167 -0.00795951
 -0.00575483  0.00000000    0.24435426  0.00000000   -0.00616167  0.00795951
  0.00616167  0.00795951   -0.00616167 -0.00795951    0.29456587  0.00000000

     Dynamical  Matrix in cartesian axes

     q = (   -0.750000000  -0.750000000  -0.250000000 ) 

    1    1
  0.24435426  0.00000000    0.00575483  0.00000000    0.00616167  0.00795951
  0.00575483  0.00000000    0.24435426  0.00000000    0.00616167  0.00795951
  0.00616167 -0.00795951    0.00616167 -0.00795951    0.29456587  0.00000000
    1    2
 -0.06100471  0.05985705    0.13410652  0.04107116    0.04299400 -0.04064259
  0.13410652  0.04107116   -0.06100471  0.05985705    0.04299400 -0.04064259
  0.04299400 -0.04064259    0.04299400 -0.04064259   -0.07955536  0.05822881
    2    1
 -0.06100471 -0.05985705    0.13410652 -0.04107116    0.04299400  0.04064259
  0.13410652 -0.04107116   -0.06100471 -0.05985705    0.04299400  0.04064259
  0.04299400  0.04064259    0.04299400  0.04064259   -0.07955536 -0.05822881
    2    2
  0.24435426  0.00000000    0.00575483  0.00000000    0.00616167 -0.00795951
  0.00575483  0.00000000    0.24435426  0.00000000    0.00616167 -0.00795951
  0.00616167  0.00795951    0.00616167  0.00795951    0.29456587  0.00000000

     Dynamical  Matrix in cartesian axes

     q = (    0.250000000  -0.750000000   0.750000000 ) 

    1    1
  0.29456587  0.00000000   -0.00616167  0.00795951    0.00616167 -0.00795951
 -0.00616167 -0.00795951    0.24435426  0.00000000   -0.00575483  0.00000000
  0.00616167  0.00795951   -0.00575483  0.00000000    0.24435426  0.00000000
    1    2
 -0.07955536  0.05822881   -0.04299400  0.04064259    0.04299400 -0.04064259
 -0.04299400  0.04064259   -0.06100471  0.05985705   -0.13410652 -0.04107116
  0.04299400 -0.04064259   -0.13410652 -0.04107116   -0.06100471  0.05985705
    2    1
 -0.07955536 -0.05822881   -0.04299400 -0.04064259    0.04299400  0.04064259
 -0.04299400 -0.04064259   -0.06100471 -0.05985705   -0.13410652  0.04107116
  0.04299400  0.04064259   -0.13410652  0.04107116   -0.06100471 -0.05985705
    2    2
  0.29456587  0.00000000   -0.00616167 -0.00795951    0.00616167  0.00795951
 -0.00616167  0.00795951    0.24435426  0.00000000   -0.00575483  0.00000000
  0.00616167 -0.00795951   -0.00575483  0.00000000    0.24435426  0.00000000

     Dynamical  Matrix in cartesian axes

     q = (   -0.750000000  -0.750000000   0.250000000 ) 

    1    1
  0.24435426  0.00000000    0.00575483  0.00000000   -0.00616167  0.00795951
  0.00575483  0.00000000    0.24435426  0.00000000   -0.00616167  0.00795951
 -0.00616167 -0.00795951   -0.00616167 -0.00795951    0.29456587  0.00000000
    1    2
 -0.06100471 -0.05985705    0.13410652 -0.04107116   -0.04299400 -0.04064259
  0.13410652 -0.04107116   -0.06100471 -0.05985705   -0.04299400 -0.04064259
 -0.04299400 -0.04064259   -0.04299400 -0.04064259   -0.07955536 -0.05822881
    2    1
 -0.06100471  0.05985705    0.13410652  0.04107116   -0.04299400  0.04064259
  0.13410652  0.04107116   -0.06100471  0.05985705   -0.04299400  0.04064259
 -0.04299400  0.04064259   -0.04299400  0.04064259   -0.07955536  0.05822881
    2    2
  0.24435426  0.00000000    0.00575483  0.00000000   -0.00616167 -0.00795951
  0.00575483  0.00000000    0.24435426  0.00000000   -0.00616167 -0.00795951
 -0.00616167  0.00795951   -0.00616167  0.00795951    0.29456587  0.00000000

     Dynamical  Matrix in cartesian axes

     q = (    0.250000000   0.750000000   0.750000000 ) 

    1    1
  0.29456587  0.00000000    0.00616167  0.00795951    0.00616167  0.00795951
  0.00616167 -0.00795951    0.24435426  0.00000000    0.00575483  0.00000000
  0.00616167 -0.00795951    0.00575483  0.00000000    0.24435426  0.00000000
    1    2
 -0.05822881  0.07955536    0.04064259 -0.04299400    0.04064259 -0.04299400
  0.04064259 -0.04299400   -0.05985705  0.06100471   -0.04107116 -0.13410652
  0.04064259 -0.04299400   -0.04107116 -0.13410652   -0.05985705  0.06100471
    2    1
 -0.05822881 -0.07955536    0.04064259  0.04299400    0.04064259  0.04299400
  0.04064259  0.04299400   -0.05985705 -0.06100471   -0.04107116  0.13410652
  0.04064259  0.04299400   -0.04107116  0.13410652   -0.05985705 -0.06100471
    2    2
  0.29456587  0.00000000    0.00616167 -0.00795951    0.00616167 -0.00795951
  0.00616167  0.00795951    0.24435426  0.00000000    0.00575483  0.00000000
  0.00616167  0.00795951    0.00575483  0.00000000    0.24435426  0.00000000

     Dynamical  Matrix in cartesian axes

     q = (   -0.250000000  -0.750000000   0.750000000 ) 

    1    1
  0.29456587  0.00000000    0.00616167  0.00795951   -0.00616167 -0.00795951
  0.00616167 -0.00795951    0.24435426  0.00000000   -0.00575483  0.00000000
 -0.00616167  0.00795951   -0.00575483  0.00000000    0.24435426  0.00000000
    1    2
 -0.07955536 -0.05822881    0.04299400  0.04064259   -0.04299400 -0.04064259
  0.04299400  0.04064259   -0.06100471 -0.05985705   -0.13410652  0.04107116
 -0.04299400 -0.04064259   -0.13410652  0.04107116   -0.06100471 -0.05985705
    2    1
 -0.07955536  0.05822881    0.04299400 -0.04064259   -0.04299400  0.04064259
  0.04299400 -0.04064259   -0.06100471  0.05985705   -0.13410652 -0.04107116
 -0.04299400  0.04064259   -0.13410652 -0.04107116   -0.06100471  0.05985705
    2    2
  0.29456587  0.00000000    0.00616167 -0.00795951   -0.00616167  0.00795951
  0.00616167  0.00795951    0.24435426  0.00000000   -0.00575483  0.00000000
 -0.00616167 -0.00795951   -0.00575483  0.00000000    0.24435426  0.00000000

     Dynamical  Matrix in cartesian axes

     q = (    0.750000000   0.750000000   0.250000000 ) 

    1    1
  0.24435426  0.00000000    0.00575483  0.00000000    0.00616167 -0.00795951
  0.00575483  0.00000000    0.24435426  0.00000000    0.00616167 -0.00795951
  0.00616167  0.00795951    0.00616167  0.00795951    0.29456587  0.00000000
    1    2
 -0.06100471 -0.05985705    0.13410652 -0.04107116    0.04299400  0.04064259
  0.13410652 -0.04107116   -0.06100471 -0.05985705    0.04299400  0.04064259
  0.04299400  0.04064259    0.04299400  0.04064259   -0.07955536 -0.05822881
    2    1
 -0.06100471  0.05985705    0.13410652  0.04107116    0.04299400 -0.04064259
  0.13410652  0.04107116   -0.06100471  0.05985705    0.04299400 -0.04064259
  0.04299400 -0.04064259    0.04299400 -0.04064259   -0.07955536  0.05822881
    2    2
  0.24435426  0.00000000    0.00575483  0.00000000    0.00616167  0.00795951
  0.00575483  0.00000000    0.24435426  0.00000000    0.00616167  0.00795951
  0.00616167 -0.00795951    0.00616167 -0.00795951    0.29456587  0.00000000

     Dynamical  Matrix in cartesian axes

     q = (    0.250000000  -0.750000000  -0.750000000 ) 

    1    1
  0.29456587  0.00000000   -0.00616167 -0.00795951   -0.00616167 -0.00795951
 -0.00616167  0.00795951    0.24435426  0.00000000    0.00575483  0.00000000
 -0.00616167  0.00795951    0.00575483  0.00000000    0.24435426  0.00000000
    1    2
  0.07955536  0.05822881    0.04299400  0.04064259    0.04299400  0.04064259
  0.04299400  0.04064259    0.06100471  0.05985705   -0.13410652  0.04107116
  0.04299400  0.04064259   -0.13410652  0.04107116    0.06100471  0.05985705
    2    1
  0.07955536 -0.05822881    0.04299400 -0.04064259    0.04299400 -0.04064259
  0.04299400 -0.04064259    0.06100471 -0.05985705   -0.13410652 -0.04107116
  0.04299400 -0.04064259   -0.13410652 -0.04107116    0.06100471 -0.05985705
    2    2
  0.29456587  0.00000000   -0.00616167  0.00795951   -0.00616167  0.00795951
 -0.00616167 -0.00795951    0.24435426  0.00000000    0.00575483  0.00000000
 -0.00616167 -0.00795951    0.00575483  0.00000000    0.24435426  0.00000000

     Dynamical  Matrix in cartesian axes

     q = (    0.750000000  -0.750000000  -0.250000000 ) 

    1    1
  0.24435426  0.00000000   -0.00575483  0.00000000   -0.00616167  0.00795951
 -0.00575483  0.00000000    0.24435426  0.00000000    0.00616167 -0.00795951
 -0.00616167 -0.00795951    0.00616167  0.00795951    0.29456587  0.00000000
    1    2
  0.06100471  0.05985705    0.13410652 -0.04107116    0.04299400  0.04064259
  0.13410652 -0.04107116    0.06100471  0.05985705   -0.04299400 -0.04064259
  0.04299400  0.04064259   -0.04299400 -0.04064259    0.07955536  0.05822881
    2    1
  0.06100471 -0.05985705    0.13410652  0.04107116    0.04299400 -0.04064259
  0.13410652  0.04107116    0.06100471 -0.05985705   -0.04299400  0.04064259
  0.04299400 -0.04064259   -0.04299400  0.04064259    0.07955536 -0.05822881
    2    2
  0.24435426  0.00000000   -0.00575483  0.00000000   -0.00616167 -0.00795951
 -0.00575483  0.00000000    0.24435426  0.00000000    0.00616167  0.00795951
 -0.00616167  0.00795951    0.00616167 -0.00795951    0.29456587  0.00000000

     Diagonalizing the dynamical matrix

     q = (    0.750000000  -0.250000000   0.750000000 ) 

 **************************************************************************
     freq (    1) =       4.243244 [THz] =     141.539390 [cm-1]
 (  0.497698 -0.047920  0.000000  0.000000 -0.497698  0.047920 ) 
 (  0.500000 -0.000000  0.000000  0.000000 -0.500000  0.000000 ) 
     freq (    2) =       5.867082 [THz] =     195.704805 [cm-1]
 (  0.160835  0.390721 -0.154306  0.345150  0.160835  0.390721 ) 
 ( -0.422529 -0.000000 -0.260430  0.274071 -0.422529  0.000000 ) 
     freq (    3) =       9.315663 [THz] =     310.737082 [cm-1]
 (  0.290461 -0.113403 -0.399449 -0.382080  0.290461 -0.113403 ) 
 ( -0.311813  0.000000  0.233137 -0.501191 -0.311813  0.000000 ) 
     freq (    4) =      12.023728 [THz] =     401.068390 [cm-1]
 ( -0.317674 -0.080264  0.348318  0.404916 -0.317674 -0.080264 ) 
 ( -0.327657  0.000000  0.436895 -0.307254 -0.327657  0.000000 ) 
     freq (    5) =      13.555526 [THz] =     452.163671 [cm-1]
 (  0.497698 -0.047920 -0.000000  0.000000 -0.497698  0.047920 ) 
 ( -0.500000  0.000000  0.000000 -0.000000  0.500000  0.000000 ) 
     freq (    6) =      13.956994 [THz] =     465.555201 [cm-1]
 (  0.159234  0.302535 -0.221199  0.466160  0.159234  0.302535 ) 
 (  0.341881 -0.000000  0.309486 -0.412859  0.341881  0.000000 ) 
 **************************************************************************
