Dynamical matrix file
Phonon dispersions for Si                                                  
  1    2  2 10.3463000  0.0000000  0.0000000  0.0000000  0.0000000  0.0000000
           1  'Si  '    25598.8229845270     
    1    1      0.0000000000      0.0000000000      0.0000000000
    2    1     -0.2500000000      0.2500000000      0.2500000000

     Dynamical  Matrix in cartesian axes

     q = (   -0.250000000   0.250000000  -0.250000000 ) 

    1    1
  0.26786171 -0.00000000   -0.01133268  0.00000000    0.01133268 -0.00000000
 -0.01133268  0.00000000    0.26786171 -0.00000000   -0.01133268  0.00000000
  0.01133268 -0.00000000   -0.01133268  0.00000000    0.26786171 -0.00000000
    1    2
 -0.19907134  0.05781794   -0.03771057 -0.03903035    0.03771057  0.03903035
 -0.03771057 -0.03903035   -0.19907134  0.05781794   -0.03771057 -0.03903035
  0.03771057  0.03903035   -0.03771057 -0.03903035   -0.19907134  0.05781794
    2    1
 -0.19907134 -0.05781794   -0.03771057  0.03903035    0.03771057 -0.03903035
 -0.03771057  0.03903035   -0.19907134 -0.05781794   -0.03771057  0.03903035
  0.03771057 -0.03903035   -0.03771057  0.03903035   -0.19907134 -0.05781794
    2    2
  0.26786171  0.00000000   -0.01133268 -0.00000000    0.01133268  0.00000000
 -0.01133268 -0.00000000    0.26786171  0.00000000   -0.01133268 -0.00000000
  0.01133268  0.00000000   -0.01133268 -0.00000000    0.26786171  0.00000000

     Dynamical  Matrix in cartesian axes

     q = (    0.250000000  -0.250000000  -0.250000000 ) 

    1    1
  0.26786171 -0.00000000   -0.01133268  0.00000000   -0.01133268  0.00000000
 -0.01133268  0.00000000    0.26786171 -0.00000000    0.01133268 -0.00000000
 -0.01133268  0.00000000    0.01133268 -0.00000000    0.26786171  0.00000000
    1    2
 -0.05781794 -0.19907134    0.03903035 -0.03771057    0.03903035 -0.03771057
  0.03903035 -0.03771057   -0.05781794 -0.19907134   -0.03903035  0.03771057
  0.03903035 -0.03771057   -0.03903035  0.03771057   -0.05781794 -0.19907134
    2    1
 -0.05781794  0.19907134    0.03903035  0.03771057    0.03903035  0.03771057
  0.03903035  0.03771057   -0.05781794  0.19907134   -0.03903035 -0.03771057
  0.03903035  0.03771057   -0.03903035 -0.03771057   -0.05781794  0.19907134
    2    2
  0.26786171  0.00000000   -0.01133268 -0.00000000   -0.01133268 -0.00000000
 -0.01133268 -0.00000000    0.26786171  0.00000000    0.01133268  0.00000000
 -0.01133268 -0.00000000    0.01133268  0.00000000    0.26786171  0.00000000

     Dynamical  Matrix in cartesian axes

     q = (    0.250000000  -0.250000000   0.250000000 ) 

    1    1
  0.26786171  0.00000000   -0.01133268 -0.00000000    0.01133268  0.00000000
 -0.01133268 -0.00000000    0.26786171  0.00000000   -0.01133268 -0.00000000
  0.01133268  0.00000000   -0.01133268 -0.00000000    0.26786171  0.00000000
    1    2
 -0.19907134 -0.05781794   -0.03771057  0.03903035    0.03771057 -0.03903035
 -0.03771057  0.03903035   -0.19907134 -0.05781794   -0.03771057  0.03903035
  0.03771057 -0.03903035   -0.03771057  0.03903035   -0.19907134 -0.05781794
    2    1
 -0.19907134  0.05781794   -0.03771057 -0.03903035    0.03771057  0.03903035
 -0.03771057 -0.03903035   -0.19907134  0.05781794   -0.03771057 -0.03903035
  0.03771057  0.03903035   -0.03771057 -0.03903035   -0.19907134  0.05781794
    2    2
  0.26786171 -0.00000000   -0.01133268  0.00000000    0.01133268 -0.00000000
 -0.01133268  0.00000000    0.26786171 -0.00000000   -0.01133268  0.00000000
  0.01133268 -0.00000000   -0.01133268  0.00000000    0.26786171 -0.00000000

     Dynamical  Matrix in cartesian axes

     q = (    0.250000000   0.250000000   0.250000000 ) 

    1    1
  0.26786171 -0.00000000    0.01133268 -0.00000000    0.01133268 -0.00000000
  0.01133268 -0.00000000    0.26786171 -0.00000000    0.01133268 -0.00000000
  0.01133268 -0.00000000    0.01133268 -0.00000000    0.26786171 -0.00000000
    1    2
 -0.19907134  0.05781794    0.03771057  0.03903035    0.03771057  0.03903035
  0.03771057  0.03903035   -0.19907134  0.05781794    0.03771057  0.03903035
  0.03771057  0.03903035    0.03771057  0.03903035   -0.19907134  0.05781794
    2    1
 -0.19907134 -0.05781794    0.03771057 -0.03903035    0.03771057 -0.03903035
  0.03771057 -0.03903035   -0.19907134 -0.05781794    0.03771057 -0.03903035
  0.03771057 -0.03903035    0.03771057 -0.03903035   -0.19907134 -0.05781794
    2    2
  0.26786171  0.00000000    0.01133268  0.00000000    0.01133268  0.00000000
  0.01133268  0.00000000    0.26786171  0.00000000    0.01133268  0.00000000
  0.01133268  0.00000000    0.01133268  0.00000000    0.26786171  0.00000000

     Dynamical  Matrix in cartesian axes

     q = (   -0.250000000  -0.250000000  -0.250000000 ) 

    1    1
  0.26786171  0.00000000    0.01133268  0.00000000    0.01133268  0.00000000
  0.01133268  0.00000000    0.26786171  0.00000000    0.01133268  0.00000000
  0.01133268  0.00000000    0.01133268  0.00000000    0.26786171  0.00000000
    1    2
 -0.19907134 -0.05781794    0.03771057 -0.03903035    0.03771057 -0.03903035
  0.03771057 -0.03903035   -0.19907134 -0.05781794    0.03771057 -0.03903035
  0.03771057 -0.03903035    0.03771057 -0.03903035   -0.19907134 -0.05781794
    2    1
 -0.19907134  0.05781794    0.03771057  0.03903035    0.03771057  0.03903035
  0.03771057  0.03903035   -0.19907134  0.05781794    0.03771057  0.03903035
  0.03771057  0.03903035    0.03771057  0.03903035   -0.19907134  0.05781794
    2    2
  0.26786171 -0.00000000    0.01133268 -0.00000000    0.01133268 -0.00000000
  0.01133268 -0.00000000    0.26786171 -0.00000000    0.01133268 -0.00000000
  0.01133268 -0.00000000    0.01133268 -0.00000000    0.26786171 -0.00000000

     Dynamical  Matrix in cartesian axes

     q = (   -0.250000000  -0.250000000   0.250000000 ) 

    1    1
  0.26786171 -0.00000000    0.01133268 -0.00000000   -0.01133268  0.00000000
  0.01133268 -0.00000000    0.26786171 -0.00000000   -0.01133268  0.00000000
 -0.01133268  0.00000000   -0.01133268  0.00000000    0.26786171 -0.00000000
    1    2
 -0.19907134  0.05781794    0.03771057  0.03903035   -0.03771057 -0.03903035
  0.03771057  0.03903035   -0.19907134  0.05781794   -0.03771057 -0.03903035
 -0.03771057 -0.03903035   -0.03771057 -0.03903035   -0.19907134  0.05781794
    2    1
 -0.19907134 -0.05781794    0.03771057 -0.03903035   -0.03771057  0.03903035
  0.03771057 -0.03903035   -0.19907134 -0.05781794   -0.03771057  0.03903035
 -0.03771057  0.03903035   -0.03771057  0.03903035   -0.19907134 -0.05781794
    2    2
  0.26786171  0.00000000    0.01133268  0.00000000   -0.01133268 -0.00000000
  0.01133268  0.00000000    0.26786171  0.00000000   -0.01133268 -0.00000000
 -0.01133268 -0.00000000   -0.01133268 -0.00000000    0.26786171  0.00000000

     Dynamical  Matrix in cartesian axes

     q = (   -0.250000000   0.250000000   0.250000000 ) 

    1    1
  0.26786171  0.00000000   -0.01133268 -0.00000000   -0.01133268 -0.00000000
 -0.01133268 -0.00000000    0.26786171  0.00000000    0.01133268  0.00000000
 -0.01133268 -0.00000000    0.01133268  0.00000000    0.26786171  0.00000000
    1    2
 -0.05781794  0.19907134    0.03903035  0.03771057    0.03903035  0.03771057
  0.03903035  0.03771057   -0.05781794  0.19907134   -0.03903035 -0.03771057
  0.03903035  0.03771057   -0.03903035 -0.03771057   -0.05781794  0.19907134
    2    1
 -0.05781794 -0.19907134    0.03903035 -0.03771057    0.03903035 -0.03771057
  0.03903035 -0.03771057   -0.05781794 -0.19907134   -0.03903035  0.03771057
  0.03903035 -0.03771057   -0.03903035  0.03771057   -0.05781794 -0.19907134
    2    2
  0.26786171  0.00000000   -0.01133268  0.00000000   -0.01133268  0.00000000
 -0.01133268  0.00000000    0.26786171  0.00000000    0.01133268 -0.00000000
 -0.01133268  0.00000000    0.01133268 -0.00000000    0.26786171  0.00000000

     Dynamical  Matrix in cartesian axes

     q = (    0.250000000   0.250000000  -0.250000000 ) 

    1    1
  0.26786171  0.00000000    0.01133268  0.00000000   -0.01133268 -0.00000000
  0.01133268  0.00000000    0.26786171  0.00000000   -0.01133268 -0.00000000
 -0.01133268 -0.00000000   -0.01133268 -0.00000000    0.26786171  0.00000000
    1    2
 -0.19907134 -0.05781794    0.03771057 -0.03903035   -0.03771057  0.03903035
  0.03771057 -0.03903035   -0.19907134 -0.05781794   -0.03771057  0.03903035
 -0.03771057  0.03903035   -0.03771057  0.03903035   -0.19907134 -0.05781794
    2    1
 -0.19907134  0.05781794    0.03771057  0.03903035   -0.03771057 -0.03903035
  0.03771057  0.03903035   -0.19907134  0.05781794   -0.03771057 -0.03903035
 -0.03771057 -0.03903035   -0.03771057 -0.03903035   -0.19907134  0.05781794
    2    2
  0.26786171 -0.00000000    0.01133268 -0.00000000   -0.01133268  0.00000000
  0.01133268 -0.00000000    0.26786171 -0.00000000   -0.01133268  0.00000000
 -0.01133268  0.00000000   -0.01133268  0.00000000    0.26786171 -0.00000000

     Diagonalizing the dynamical matrix

     q = (   -0.250000000   0.250000000  -0.250000000 ) 

 **************************************************************************
     freq (    1) =       2.834493 [THz] =      94.548509 [cm-1]
 ( -0.014331  0.124788  0.480309  0.085540  0.494640 -0.039247 ) 
 ( -0.024156  0.123263  0.472038  0.123263  0.496194  0.000000 ) 
     freq (    2) =       2.834493 [THz] =      94.548509 [cm-1]
 ( -0.538789 -0.165113 -0.244545 -0.188460  0.294244 -0.023347 ) 
 ( -0.524041 -0.207212 -0.228873 -0.207212  0.295168  0.000000 ) 
     freq (    3) =       6.719991 [THz] =     224.154767 [cm-1]
 (  0.274769 -0.301942 -0.274769  0.301942  0.274769 -0.301942 ) 
 (  0.408248 -0.000000 -0.408248  0.000000  0.408248  0.000000 ) 
     freq (    4) =      14.160107 [THz] =     472.330328 [cm-1]
 (  0.274769 -0.301942 -0.274769  0.301942  0.274769 -0.301942 ) 
 ( -0.408248  0.000000  0.408248 -0.000000 -0.408248  0.000000 ) 
     freq (    5) =      14.452825 [THz] =     482.094344 [cm-1]
 ( -0.573852  0.060830 -0.299951  0.039097  0.273901 -0.021733 ) 
 (  0.576866 -0.015250  0.302104 -0.015250 -0.274762  0.000000 ) 
     freq (    6) =      14.452825 [THz] =     482.094344 [cm-1]
 ( -0.016684 -0.006954  0.489504 -0.047117  0.506188 -0.040164 ) 
 (  0.016082  0.008252 -0.491697  0.008252 -0.507779  0.000000 ) 
 **************************************************************************
