a =  9.13701 Bohr
c =  6.13640 Bohr
c/a = 0.67359 Bohr
