Dynamical matrix file
Phonon dispersions for SnO2                                                
  2    6  6  9.1370330  1.0000000  0.6715977  0.0000000  0.0000000  0.0000000
           1  'Sn  '    108197.545983522     
           2  'O   '    14582.1964298742     
    1    1     -0.0003319700     -0.0003319700      0.0000000000
    2    1      0.4996674800      0.4996674800      0.3357988685
    3    2      0.8063691980      0.1929617810      0.3357988685
    4    2      0.1929617810      0.8063691980      0.3357988685
    5    2      0.3063704630      0.3063704630      0.0000000000
    6    2      0.6929630480      0.6929630480      0.0000000000

     Dynamical  Matrix in cartesian axes

     q = (    0.000000000   0.000000000   0.496328851 ) 

    1    1
  0.31110317  0.00000000    0.03782623  0.00000000    0.00000000 -0.00000175
  0.03782623  0.00000000    0.31110317  0.00000000    0.00000000 -0.00000175
  0.00000000  0.00000175    0.00000000  0.00000175    0.74958897  0.00000000
    1    2
 -0.03469163  0.06008767   -0.00027434  0.00047516    0.00000445  0.00000257
 -0.00027434  0.00047516   -0.03469163  0.06008767    0.00000445  0.00000257
  0.00000589  0.00000340    0.00000589  0.00000340    0.05138376 -0.08899928
    1    3
 -0.02115144  0.03663537    0.01790725 -0.03101627    0.05028307  0.02903095
  0.01773262 -0.03071380   -0.02128116  0.03686005   -0.05026967 -0.02902321
  0.04817310  0.02781275   -0.04820154 -0.02782917   -0.07102279  0.12301508
    1    4
 -0.02128116  0.03686005    0.01773262 -0.03071380   -0.05026967 -0.02902321
  0.01790725 -0.03101627   -0.02115144  0.03663537    0.05028307  0.02903095
 -0.04820154 -0.02782917    0.04817310  0.02781275   -0.07102279  0.12301508
    1    5
 -0.04421423  0.00000000   -0.05246087  0.00000000    0.00000000  0.01086348
 -0.05246087  0.00000000   -0.04421423  0.00000000    0.00000000  0.01086348
  0.00000000 -0.00005109    0.00000000 -0.00005109   -0.10306074  0.00000000
    1    6
 -0.04423649  0.00000000   -0.05248477  0.00000000    0.00000000 -0.01086952
 -0.05248477  0.00000000   -0.04423649  0.00000000    0.00000000 -0.01086952
  0.00000000  0.00006129    0.00000000  0.00006129   -0.10306562  0.00000000
    2    1
 -0.03469163 -0.06008767   -0.00027434 -0.00047516    0.00000589 -0.00000340
 -0.00027434 -0.00047516   -0.03469163 -0.06008767    0.00000589 -0.00000340
  0.00000445 -0.00000257    0.00000445 -0.00000257    0.05138376  0.08899928
    2    2
  0.31173806  0.00000000   -0.03686952  0.00000000    0.00000000 -0.00005212
 -0.03686952  0.00000000    0.31173806  0.00000000    0.00000000 -0.00005212
  0.00000000  0.00005212    0.00000000  0.00005212    0.74995251  0.00000000
    2    3
 -0.04455365  0.00000000    0.05248614  0.00000000    0.00000000  0.01114127
  0.05230252  0.00000000   -0.04481055  0.00000000    0.00000000 -0.01115856
  0.00000000  0.00002737    0.00000000 -0.00001740   -0.10313139  0.00000000
    2    4
 -0.04481055  0.00000000    0.05230252  0.00000000    0.00000000 -0.01115856
  0.05248614  0.00000000   -0.04455365  0.00000000    0.00000000  0.01114127
  0.00000000 -0.00001740    0.00000000  0.00002737   -0.10313139  0.00000000
    2    5
 -0.02115447 -0.03664062   -0.01779683 -0.03082501   -0.05070099  0.02927223
 -0.01779683 -0.03082501   -0.02115447 -0.03664062   -0.05070099  0.02927223
 -0.04821810  0.02783873   -0.04821810  0.02783873   -0.07107488 -0.12310530
    2    6
 -0.02115958 -0.03664947   -0.01780137 -0.03083288    0.05069593 -0.02926931
 -0.01780137 -0.03083288   -0.02115958 -0.03664947    0.05069593 -0.02926931
  0.04824237 -0.02785275    0.04824237 -0.02785275   -0.07105417 -0.12306944
    3    1
 -0.02115144 -0.03663537    0.01773262  0.03071380    0.04817310 -0.02781275
  0.01790725  0.03101627   -0.02128116 -0.03686005   -0.04820154  0.02782917
  0.05028307 -0.02903095   -0.05026967  0.02902321   -0.07102279 -0.12301508
    3    2
 -0.04455365  0.00000000    0.05230252  0.00000000    0.00000000 -0.00002737
  0.05248614  0.00000000   -0.04481055  0.00000000    0.00000000  0.00001740
  0.00000000 -0.01114127    0.00000000  0.01115856   -0.10313139  0.00000000
    3    3
  0.24150282  0.00000000   -0.17203019  0.00000000    0.00000000  0.00207685
 -0.17203019  0.00000000    0.24193365  0.00000000    0.00000000 -0.00190134
  0.00000000 -0.00207685    0.00000000  0.00190134    0.34432758  0.00000000
    3    4
 -0.04679733  0.00000000    0.04378356  0.00000000    0.00000000 -0.00267684
  0.04370273  0.00000000   -0.04679733  0.00000000    0.00000000  0.00253977
  0.00000000 -0.00253977    0.00000000  0.00267684    0.03861893  0.00000000
    3    5
 -0.01855443 -0.03213722   -0.00209757 -0.00363310    0.00096075 -0.00055469
  0.00212453  0.00367979    0.00133747  0.00231656    0.01061814 -0.00613039
 -0.00084234  0.00048632    0.01046271 -0.00604065    0.00316218  0.00547706
    3    6
  0.00134248  0.00232524    0.00210761  0.00365048   -0.01061070  0.00612609
 -0.00210462 -0.00364531   -0.01856612 -0.03215746   -0.00094901  0.00054791
 -0.01045741  0.00603759    0.00082757 -0.00047780    0.00315823  0.00547022
    4    1
 -0.02128116 -0.03686005    0.01790725  0.03101627   -0.04820154  0.02782917
  0.01773262  0.03071380   -0.02115144 -0.03663537    0.04817310 -0.02781275
 -0.05026967  0.02902321    0.05028307 -0.02903095   -0.07102279 -0.12301508
    4    2
 -0.04481055  0.00000000    0.05248614  0.00000000    0.00000000  0.00001740
  0.05230252  0.00000000   -0.04455365  0.00000000    0.00000000 -0.00002737
  0.00000000  0.01115856    0.00000000 -0.01114127   -0.10313139  0.00000000
    4    3
 -0.04679733  0.00000000    0.04370273  0.00000000    0.00000000  0.00253977
  0.04378356  0.00000000   -0.04679733  0.00000000    0.00000000 -0.00267684
  0.00000000  0.00267684    0.00000000 -0.00253977    0.03861893  0.00000000
    4    4
  0.24193365  0.00000000   -0.17203019  0.00000000    0.00000000 -0.00190134
 -0.17203019  0.00000000    0.24150282  0.00000000    0.00000000  0.00207685
  0.00000000  0.00190134    0.00000000 -0.00207685    0.34432758  0.00000000
    4    5
  0.00133747  0.00231656    0.00212453  0.00367979    0.01061814 -0.00613039
 -0.00209757 -0.00363310   -0.01855443 -0.03213722    0.00096075 -0.00055469
  0.01046271 -0.00604065   -0.00084234  0.00048632    0.00316218  0.00547706
    4    6
 -0.01856612 -0.03215746   -0.00210462 -0.00364531   -0.00094901  0.00054791
  0.00210761  0.00365048    0.00134248  0.00232524   -0.01061070  0.00612609
  0.00082757 -0.00047780   -0.01045741  0.00603759    0.00315823  0.00547022
    5    1
 -0.04421423  0.00000000   -0.05246087  0.00000000    0.00000000  0.00005109
 -0.05246087  0.00000000   -0.04421423  0.00000000    0.00000000  0.00005109
  0.00000000 -0.01086348    0.00000000 -0.01086348   -0.10306074  0.00000000
    5    2
 -0.02115447  0.03664062   -0.01779683  0.03082501   -0.04821810 -0.02783873
 -0.01779683  0.03082501   -0.02115447  0.03664062   -0.04821810 -0.02783873
 -0.05070099 -0.02927223   -0.05070099 -0.02927223   -0.07107488  0.12310530
    5    3
 -0.01855443  0.03213722    0.00212453 -0.00367979   -0.00084234 -0.00048632
 -0.00209757  0.00363310    0.00133747 -0.00231656    0.01046271  0.00604065
  0.00096075  0.00055469    0.01061814  0.00613039    0.00316218 -0.00547706
    5    4
  0.00133747 -0.00231656   -0.00209757  0.00363310    0.01046271  0.00604065
  0.00212453 -0.00367979   -0.01855443  0.03213722   -0.00084234 -0.00048632
  0.01061814  0.00613039    0.00096075  0.00055469    0.00316218 -0.00547706
    5    5
  0.24156037  0.00000000    0.17167104  0.00000000    0.00000000  0.00204108
  0.17167104  0.00000000    0.24156037  0.00000000    0.00000000  0.00204108
  0.00000000 -0.00204108    0.00000000 -0.00204108    0.34447527  0.00000000
    5    6
 -0.04697434  0.00000000   -0.04378006  0.00000000    0.00000000 -0.00258774
 -0.04378006  0.00000000   -0.04697434  0.00000000    0.00000000 -0.00258774
  0.00000000 -0.00257277    0.00000000 -0.00257277    0.03850537  0.00000000
    6    1
 -0.04423649  0.00000000   -0.05248477  0.00000000    0.00000000 -0.00006129
 -0.05248477  0.00000000   -0.04423649  0.00000000    0.00000000 -0.00006129
  0.00000000  0.01086952    0.00000000  0.01086952   -0.10306562  0.00000000
    6    2
 -0.02115958  0.03664947   -0.01780137  0.03083288    0.04824237  0.02785275
 -0.01780137  0.03083288   -0.02115958  0.03664947    0.04824237  0.02785275
  0.05069593  0.02926931    0.05069593  0.02926931   -0.07105417  0.12306944
    6    3
  0.00134248 -0.00232524   -0.00210462  0.00364531   -0.01045741 -0.00603759
  0.00210761 -0.00365048   -0.01856612  0.03215746    0.00082757  0.00047780
 -0.01061070 -0.00612609   -0.00094901 -0.00054791    0.00315823 -0.00547022
    6    4
 -0.01856612  0.03215746    0.00210761 -0.00365048    0.00082757  0.00047780
 -0.00210462  0.00364531    0.00134248 -0.00232524   -0.01045741 -0.00603759
 -0.00094901 -0.00054791   -0.01061070 -0.00612609    0.00315823 -0.00547022
    6    5
 -0.04697434  0.00000000   -0.04378006  0.00000000    0.00000000  0.00257277
 -0.04378006  0.00000000   -0.04697434  0.00000000    0.00000000  0.00257277
  0.00000000  0.00258774    0.00000000  0.00258774    0.03850537  0.00000000
    6    6
  0.24180033  0.00000000    0.17165628  0.00000000    0.00000000 -0.00207000
  0.17165628  0.00000000    0.24180033  0.00000000    0.00000000 -0.00207000
  0.00000000  0.00207000    0.00000000  0.00207000    0.34447546  0.00000000

     Dynamical  Matrix in cartesian axes

     q = (    0.000000000   0.000000000  -0.496328851 ) 

    1    1
  0.31110317  0.00000000    0.03782623  0.00000000    0.00000000  0.00000175
  0.03782623  0.00000000    0.31110317  0.00000000    0.00000000  0.00000175
  0.00000000 -0.00000175    0.00000000 -0.00000175    0.74958897  0.00000000
    1    2
 -0.03469163 -0.06008767   -0.00027434 -0.00047516    0.00000445 -0.00000257
 -0.00027434 -0.00047516   -0.03469163 -0.06008767    0.00000445 -0.00000257
  0.00000589 -0.00000340    0.00000589 -0.00000340    0.05138376  0.08899928
    1    3
 -0.02115144 -0.03663537    0.01790725  0.03101627    0.05028307 -0.02903095
  0.01773262  0.03071380   -0.02128116 -0.03686005   -0.05026967  0.02902321
  0.04817310 -0.02781275   -0.04820154  0.02782917   -0.07102279 -0.12301508
    1    4
 -0.02128116 -0.03686005    0.01773262  0.03071380   -0.05026967  0.02902321
  0.01790725  0.03101627   -0.02115144 -0.03663537    0.05028307 -0.02903095
 -0.04820154  0.02782917    0.04817310 -0.02781275   -0.07102279 -0.12301508
    1    5
 -0.04421423  0.00000000   -0.05246087  0.00000000    0.00000000 -0.01086348
 -0.05246087  0.00000000   -0.04421423  0.00000000    0.00000000 -0.01086348
  0.00000000  0.00005109    0.00000000  0.00005109   -0.10306074  0.00000000
    1    6
 -0.04423649  0.00000000   -0.05248477  0.00000000    0.00000000  0.01086952
 -0.05248477  0.00000000   -0.04423649  0.00000000    0.00000000  0.01086952
  0.00000000 -0.00006129    0.00000000 -0.00006129   -0.10306562  0.00000000
    2    1
 -0.03469163  0.06008767   -0.00027434  0.00047516    0.00000589  0.00000340
 -0.00027434  0.00047516   -0.03469163  0.06008767    0.00000589  0.00000340
  0.00000445  0.00000257    0.00000445  0.00000257    0.05138376 -0.08899928
    2    2
  0.31173806  0.00000000   -0.03686952  0.00000000    0.00000000  0.00005212
 -0.03686952  0.00000000    0.31173806  0.00000000    0.00000000  0.00005212
  0.00000000 -0.00005212    0.00000000 -0.00005212    0.74995251  0.00000000
    2    3
 -0.04455365  0.00000000    0.05248614  0.00000000    0.00000000 -0.01114127
  0.05230252  0.00000000   -0.04481055  0.00000000    0.00000000  0.01115856
  0.00000000 -0.00002737    0.00000000  0.00001740   -0.10313139  0.00000000
    2    4
 -0.04481055  0.00000000    0.05230252  0.00000000    0.00000000  0.01115856
  0.05248614  0.00000000   -0.04455365  0.00000000    0.00000000 -0.01114127
  0.00000000  0.00001740    0.00000000 -0.00002737   -0.10313139  0.00000000
    2    5
 -0.02115447  0.03664062   -0.01779683  0.03082501   -0.05070099 -0.02927223
 -0.01779683  0.03082501   -0.02115447  0.03664062   -0.05070099 -0.02927223
 -0.04821810 -0.02783873   -0.04821810 -0.02783873   -0.07107488  0.12310530
    2    6
 -0.02115958  0.03664947   -0.01780137  0.03083288    0.05069593  0.02926931
 -0.01780137  0.03083288   -0.02115958  0.03664947    0.05069593  0.02926931
  0.04824237  0.02785275    0.04824237  0.02785275   -0.07105417  0.12306944
    3    1
 -0.02115144  0.03663537    0.01773262 -0.03071380    0.04817310  0.02781275
  0.01790725 -0.03101627   -0.02128116  0.03686005   -0.04820154 -0.02782917
  0.05028307  0.02903095   -0.05026967 -0.02902321   -0.07102279  0.12301508
    3    2
 -0.04455365  0.00000000    0.05230252  0.00000000    0.00000000  0.00002737
  0.05248614  0.00000000   -0.04481055  0.00000000    0.00000000 -0.00001740
  0.00000000  0.01114127    0.00000000 -0.01115856   -0.10313139  0.00000000
    3    3
  0.24150282  0.00000000   -0.17203019  0.00000000    0.00000000 -0.00207685
 -0.17203019  0.00000000    0.24193365  0.00000000    0.00000000  0.00190134
  0.00000000  0.00207685    0.00000000 -0.00190134    0.34432758  0.00000000
    3    4
 -0.04679733  0.00000000    0.04378356  0.00000000    0.00000000  0.00267684
  0.04370273  0.00000000   -0.04679733  0.00000000    0.00000000 -0.00253977
  0.00000000  0.00253977    0.00000000 -0.00267684    0.03861893  0.00000000
    3    5
 -0.01855443  0.03213722   -0.00209757  0.00363310    0.00096075  0.00055469
  0.00212453 -0.00367979    0.00133747 -0.00231656    0.01061814  0.00613039
 -0.00084234 -0.00048632    0.01046271  0.00604065    0.00316218 -0.00547706
    3    6
  0.00134248 -0.00232524    0.00210761 -0.00365048   -0.01061070 -0.00612609
 -0.00210462  0.00364531   -0.01856612  0.03215746   -0.00094901 -0.00054791
 -0.01045741 -0.00603759    0.00082757  0.00047780    0.00315823 -0.00547022
    4    1
 -0.02128116  0.03686005    0.01790725 -0.03101627   -0.04820154 -0.02782917
  0.01773262 -0.03071380   -0.02115144  0.03663537    0.04817310  0.02781275
 -0.05026967 -0.02902321    0.05028307  0.02903095   -0.07102279  0.12301508
    4    2
 -0.04481055  0.00000000    0.05248614  0.00000000    0.00000000 -0.00001740
  0.05230252  0.00000000   -0.04455365  0.00000000    0.00000000  0.00002737
  0.00000000 -0.01115856    0.00000000  0.01114127   -0.10313139  0.00000000
    4    3
 -0.04679733  0.00000000    0.04370273  0.00000000    0.00000000 -0.00253977
  0.04378356  0.00000000   -0.04679733  0.00000000    0.00000000  0.00267684
  0.00000000 -0.00267684    0.00000000  0.00253977    0.03861893  0.00000000
    4    4
  0.24193365  0.00000000   -0.17203019  0.00000000    0.00000000  0.00190134
 -0.17203019  0.00000000    0.24150282  0.00000000    0.00000000 -0.00207685
  0.00000000 -0.00190134    0.00000000  0.00207685    0.34432758  0.00000000
    4    5
  0.00133747 -0.00231656    0.00212453 -0.00367979    0.01061814  0.00613039
 -0.00209757  0.00363310   -0.01855443  0.03213722    0.00096075  0.00055469
  0.01046271  0.00604065   -0.00084234 -0.00048632    0.00316218 -0.00547706
    4    6
 -0.01856612  0.03215746   -0.00210462  0.00364531   -0.00094901 -0.00054791
  0.00210761 -0.00365048    0.00134248 -0.00232524   -0.01061070 -0.00612609
  0.00082757  0.00047780   -0.01045741 -0.00603759    0.00315823 -0.00547022
    5    1
 -0.04421423  0.00000000   -0.05246087  0.00000000    0.00000000 -0.00005109
 -0.05246087  0.00000000   -0.04421423  0.00000000    0.00000000 -0.00005109
  0.00000000  0.01086348    0.00000000  0.01086348   -0.10306074  0.00000000
    5    2
 -0.02115447 -0.03664062   -0.01779683 -0.03082501   -0.04821810  0.02783873
 -0.01779683 -0.03082501   -0.02115447 -0.03664062   -0.04821810  0.02783873
 -0.05070099  0.02927223   -0.05070099  0.02927223   -0.07107488 -0.12310530
    5    3
 -0.01855443 -0.03213722    0.00212453  0.00367979   -0.00084234  0.00048632
 -0.00209757 -0.00363310    0.00133747  0.00231656    0.01046271 -0.00604065
  0.00096075 -0.00055469    0.01061814 -0.00613039    0.00316218  0.00547706
    5    4
  0.00133747  0.00231656   -0.00209757 -0.00363310    0.01046271 -0.00604065
  0.00212453  0.00367979   -0.01855443 -0.03213722   -0.00084234  0.00048632
  0.01061814 -0.00613039    0.00096075 -0.00055469    0.00316218  0.00547706
    5    5
  0.24156037  0.00000000    0.17167104  0.00000000    0.00000000 -0.00204108
  0.17167104  0.00000000    0.24156037  0.00000000    0.00000000 -0.00204108
  0.00000000  0.00204108    0.00000000  0.00204108    0.34447527  0.00000000
    5    6
 -0.04697434  0.00000000   -0.04378006  0.00000000    0.00000000  0.00258774
 -0.04378006  0.00000000   -0.04697434  0.00000000    0.00000000  0.00258774
  0.00000000  0.00257277    0.00000000  0.00257277    0.03850537  0.00000000
    6    1
 -0.04423649  0.00000000   -0.05248477  0.00000000    0.00000000  0.00006129
 -0.05248477  0.00000000   -0.04423649  0.00000000    0.00000000  0.00006129
  0.00000000 -0.01086952    0.00000000 -0.01086952   -0.10306562  0.00000000
    6    2
 -0.02115958 -0.03664947   -0.01780137 -0.03083288    0.04824237 -0.02785275
 -0.01780137 -0.03083288   -0.02115958 -0.03664947    0.04824237 -0.02785275
  0.05069593 -0.02926931    0.05069593 -0.02926931   -0.07105417 -0.12306944
    6    3
  0.00134248  0.00232524   -0.00210462 -0.00364531   -0.01045741  0.00603759
  0.00210761  0.00365048   -0.01856612 -0.03215746    0.00082757 -0.00047780
 -0.01061070  0.00612609   -0.00094901  0.00054791    0.00315823  0.00547022
    6    4
 -0.01856612 -0.03215746    0.00210761  0.00365048    0.00082757 -0.00047780
 -0.00210462 -0.00364531    0.00134248  0.00232524   -0.01045741  0.00603759
 -0.00094901  0.00054791   -0.01061070  0.00612609    0.00315823  0.00547022
    6    5
 -0.04697434  0.00000000   -0.04378006  0.00000000    0.00000000 -0.00257277
 -0.04378006  0.00000000   -0.04697434  0.00000000    0.00000000 -0.00257277
  0.00000000 -0.00258774    0.00000000 -0.00258774    0.03850537  0.00000000
    6    6
  0.24180033  0.00000000    0.17165628  0.00000000    0.00000000  0.00207000
  0.17165628  0.00000000    0.24180033  0.00000000    0.00000000  0.00207000
  0.00000000 -0.00207000    0.00000000 -0.00207000    0.34447546  0.00000000

     Diagonalizing the dynamical matrix

     q = (    0.000000000   0.000000000   0.496328851 ) 

 **************************************************************************
     freq (    1) =       3.119716 [THz] =     104.062530 [cm-1]
 (  0.000000  0.333580 -0.000000  0.333580  0.000055 -0.000000 ) 
 ( -0.408821  0.236033 -0.408821  0.236033  0.000046  0.000080 ) 
 ( -0.061850  0.035709 -0.061808  0.035685  0.000027  0.000047 ) 
 ( -0.061808  0.035685 -0.061850  0.035709  0.000027  0.000047 ) 
 (  0.000000  0.234257 -0.000000  0.234257 -0.214310 -0.000000 ) 
 (  0.000000  0.234191 -0.000000  0.234191  0.214465  0.000000 ) 
     freq (    2) =       3.119766 [THz] =     104.064208 [cm-1]
 ( -0.468900  0.065628  0.468900 -0.065628  0.000000 -0.000000 ) 
 ( -0.205013 -0.262712  0.205013  0.262712  0.000000  0.000000 ) 
 ( -0.142351 -0.182415  0.145777  0.186805  0.169224 -0.132057 ) 
 ( -0.145777 -0.186805  0.142351  0.182415 -0.169224  0.132057 ) 
 ( -0.065210  0.009127  0.065210 -0.009127 -0.000000 -0.000000 ) 
 ( -0.067748  0.009482  0.067748 -0.009482  0.000000  0.000000 ) 
     freq (    3) =       5.557199 [THz] =     185.368192 [cm-1]
 (  0.000910 -0.000024 -0.000910  0.000024  0.000000  0.000000 ) 
 ( -0.001052 -0.001714  0.001052  0.001714  0.000000  0.000000 ) 
 ( -0.186266 -0.303542 -0.184924 -0.301355 -0.000172  0.000105 ) 
 (  0.184924  0.301355  0.186266  0.303542  0.000172 -0.000105 ) 
 ( -0.356189  0.009545  0.356189 -0.009545  0.000000 -0.000000 ) 
 (  0.347998 -0.009326 -0.347998  0.009326  0.000000  0.000000 ) 
     freq (    4) =       5.801705 [THz] =     193.524053 [cm-1]
 (  0.133085  0.195575 -0.133085 -0.195575 -0.000000 -0.000000 ) 
 (  0.133730 -0.277059 -0.133730  0.277059  0.000000 -0.000000 ) 
 (  0.035359 -0.073257 -0.041762  0.086522 -0.104554 -0.050466 ) 
 (  0.041762 -0.086522 -0.035359  0.073257  0.104554  0.050466 ) 
 ( -0.221442 -0.325422  0.221442  0.325422  0.000000 -0.000000 ) 
 ( -0.228613 -0.335959  0.228613  0.335959 -0.000000  0.000000 ) 
     freq (    5) =       5.813012 [THz] =     193.901197 [cm-1]
 (  0.000000 -0.303673 -0.000000 -0.303673  0.000012  0.000000 ) 
 ( -0.203894  0.117718 -0.203894  0.117718  0.000054  0.000094 ) 
 (  0.348151 -0.201005  0.347806 -0.200806  0.000054  0.000094 ) 
 (  0.347806 -0.200806  0.348151 -0.201005  0.000054  0.000094 ) 
 ( -0.000000 -0.087695  0.000000 -0.087695 -0.118589  0.000000 ) 
 ( -0.000000 -0.087702  0.000000 -0.087702  0.118611  0.000000 ) 
     freq (    6) =       6.839632 [THz] =     228.145560 [cm-1]
 ( -0.000000  0.000222  0.000000  0.000222 -0.485395 -0.000000 ) 
 (  0.000021 -0.000012  0.000021 -0.000012 -0.242506 -0.420033 ) 
 (  0.052117 -0.030090 -0.050508  0.029161 -0.177003 -0.306579 ) 
 ( -0.050508  0.029161  0.052117 -0.030090 -0.177003 -0.306579 ) 
 ( -0.000000 -0.059248  0.000000 -0.059248 -0.354021 -0.000000 ) 
 ( -0.000000  0.059068  0.000000  0.059068 -0.353748  0.000000 ) 
     freq (    7) =       6.996503 [THz] =     233.378229 [cm-1]
 (  0.000000 -0.126810 -0.000000 -0.126810 -0.000341  0.000000 ) 
 ( -0.057754  0.033344 -0.057754  0.033344 -0.000107 -0.000185 ) 
 ( -0.422467  0.243911 -0.422235  0.243778 -0.000131 -0.000227 ) 
 ( -0.422235  0.243778 -0.422467  0.243911 -0.000131 -0.000227 ) 
 (  0.000000  0.037257 -0.000000  0.037257  0.031629  0.000000 ) 
 (  0.000000  0.037306 -0.000000  0.037306 -0.031969  0.000000 ) 
     freq (    8) =       7.006872 [THz] =     233.724107 [cm-1]
 ( -0.054915 -0.036683  0.054915  0.036683  0.000000  0.000000 ) 
 ( -0.008145  0.124511  0.008145 -0.124511 -0.000000  0.000000 ) 
 (  0.002330 -0.035621 -0.002606  0.039836 -0.031224 -0.002042 ) 
 (  0.002606 -0.039836 -0.002330  0.035621  0.031224  0.002042 ) 
 ( -0.405416 -0.270814  0.405416  0.270814  0.000000  0.000000 ) 
 ( -0.406113 -0.271279  0.406113  0.271279  0.000000  0.000000 ) 
     freq (    9) =       7.801931 [THz] =     260.244393 [cm-1]
 (  0.000000 -0.000105 -0.000000 -0.000105  0.673488  0.000000 ) 
 ( -0.000075  0.000044 -0.000075  0.000044 -0.336950 -0.583615 ) 
 ( -0.071190  0.041101  0.070904 -0.040937  0.048743  0.084425 ) 
 (  0.070904 -0.040937 -0.071190  0.041101  0.048743  0.084425 ) 
 (  0.000000 -0.082303 -0.000000 -0.082303 -0.098169  0.000000 ) 
 (  0.000000  0.082337 -0.000000  0.082337 -0.097983  0.000000 ) 
     freq (   10) =       8.800280 [THz] =     293.545750 [cm-1]
 ( -0.000141  0.000035  0.000141 -0.000035 -0.000000 -0.000000 ) 
 (  0.000004  0.000005 -0.000004 -0.000005  0.000000  0.000000 ) 
 ( -0.245432 -0.253502 -0.244571 -0.252612  0.000399 -0.000386 ) 
 (  0.244571  0.252612  0.245432  0.253502 -0.000399  0.000386 ) 
 (  0.343144 -0.086022 -0.343144  0.086022  0.000000 -0.000000 ) 
 ( -0.345299  0.086563  0.345299 -0.086563  0.000000  0.000000 ) 
     freq (   11) =      15.257871 [THz] =     508.947787 [cm-1]
 (  0.040180  0.008839 -0.040180 -0.008839  0.000000 -0.000000 ) 
 (  0.002790  0.008800 -0.002790 -0.008800 -0.000000 -0.000000 ) 
 ( -0.007580 -0.023906  0.007914  0.024958  0.670519 -0.212612 ) 
 ( -0.007914 -0.024958  0.007580  0.023906 -0.670519  0.212612 ) 
 ( -0.031791 -0.006994  0.031791  0.006994  0.000000  0.000000 ) 
 ( -0.031621 -0.006956  0.031621  0.006956 -0.000000  0.000000 ) 
     freq (   12) =      15.267727 [THz] =     509.276566 [cm-1]
 (  0.000000 -0.009287 -0.000000 -0.009287 -0.000014 -0.000000 ) 
 (  0.036094 -0.020839  0.036094 -0.020839  0.000006  0.000010 ) 
 ( -0.028508  0.016459 -0.028474  0.016439  0.000023  0.000040 ) 
 ( -0.028474  0.016439 -0.028508  0.016459  0.000023  0.000040 ) 
 ( -0.000000  0.028889  0.000000  0.028889 -0.703075  0.000000 ) 
 ( -0.000000  0.028899 -0.000000  0.028899  0.703115  0.000000 ) 
     freq (   13) =      15.899697 [THz] =     530.356806 [cm-1]
 ( -0.000000  0.041880  0.000000  0.041880  0.000007 -0.000000 ) 
 ( -0.026457  0.015275 -0.026457  0.015275  0.000028  0.000048 ) 
 ( -0.055696  0.032156 -0.055667  0.032140  0.000140  0.000243 ) 
 ( -0.055667  0.032140 -0.055696  0.032156  0.000140  0.000243 ) 
 (  0.000000 -0.493478  0.000000 -0.493478 -0.052426 -0.000000 ) 
 (  0.000000 -0.492762  0.000000 -0.492762  0.051681  0.000000 ) 
     freq (   14) =      15.915442 [THz] =     530.882010 [cm-1]
 (  0.029337 -0.009535 -0.029337  0.009535  0.000000  0.000000 ) 
 (  0.031225  0.028110 -0.031225 -0.028110 -0.000000 -0.000000 ) 
 ( -0.366276 -0.329735  0.367056  0.330438 -0.031790  0.035312 ) 
 ( -0.367056 -0.330438  0.366276  0.329735  0.031790 -0.035312 ) 
 (  0.060925 -0.019802 -0.060925  0.019802 -0.000000 -0.000000 ) 
 (  0.061035 -0.019838 -0.061035  0.019838  0.000000  0.000000 ) 
     freq (   15) =      16.588974 [THz] =     553.348603 [cm-1]
 ( -0.000000 -0.000023 -0.000000 -0.000023 -0.021208 -0.000000 ) 
 (  0.000019 -0.000011  0.000019 -0.000011  0.010582  0.018329 ) 
 ( -0.022509  0.012996  0.022527 -0.013006  0.249197  0.431621 ) 
 (  0.022527 -0.013006 -0.022509  0.012996  0.249197  0.431621 ) 
 (  0.000000 -0.024916  0.000000 -0.024916 -0.498463 -0.000000 ) 
 (  0.000000  0.025589  0.000000  0.025589 -0.498588  0.000000 ) 
     freq (   16) =      17.704765 [THz] =     590.567393 [cm-1]
 (  0.000000 -0.000003  0.000000 -0.000003 -0.061287 -0.000000 ) 
 (  0.000009 -0.000005  0.000009 -0.000005 -0.030615 -0.053026 ) 
 (  0.192497 -0.111138 -0.192643  0.111223  0.193180  0.334597 ) 
 ( -0.192643  0.111223  0.192497 -0.111138  0.193180  0.334597 ) 
 ( -0.000000 -0.222764 -0.000000 -0.222764  0.385719 -0.000000 ) 
 (  0.000000  0.222982  0.000000  0.222982  0.385620  0.000000 ) 
     freq (   17) =      18.896558 [THz] =     630.321337 [cm-1]
 (  0.000000  0.000012  0.000000  0.000012 -0.075214 -0.000000 ) 
 ( -0.000017  0.000010 -0.000017  0.000010 -0.037683 -0.065269 ) 
 ( -0.248343  0.143381  0.248474 -0.143457  0.143243  0.248104 ) 
 (  0.248474 -0.143457 -0.248343  0.143381  0.143243  0.248104 ) 
 ( -0.000000  0.287169  0.000000  0.287169  0.287216  0.000000 ) 
 ( -0.000000 -0.287660 -0.000000 -0.287660  0.287210  0.000000 ) 
     freq (   18) =      20.335479 [THz] =     678.318577 [cm-1]
 (  0.000000 -0.000023 -0.000000 -0.000023 -0.021637 -0.000000 ) 
 (  0.000003 -0.000002  0.000003 -0.000002  0.010796  0.018700 ) 
 ( -0.305239  0.176230  0.305528 -0.176397 -0.019838 -0.034361 ) 
 (  0.305528 -0.176397 -0.305239  0.176230 -0.019838 -0.034361 ) 
 (  0.000000 -0.351710  0.000000 -0.351710  0.039617 -0.000000 ) 
 ( -0.000000  0.352137 -0.000000  0.352137  0.039554  0.000000 ) 
 **************************************************************************
