Dynamical matrix file
Phonon dispersions for SnO2                                                
  2    6  6  9.1370330  1.0000000  0.6715977  0.0000000  0.0000000  0.0000000
           1  'Sn  '    108197.545983522     
           2  'O   '    14582.1964298742     
    1    1     -0.0003319700     -0.0003319700      0.0000000000
    2    1      0.4996674800      0.4996674800      0.3357988685
    3    2      0.8063691980      0.1929617810      0.3357988685
    4    2      0.1929617810      0.8063691980      0.3357988685
    5    2      0.3063704630      0.3063704630      0.0000000000
    6    2      0.6929630480      0.6929630480      0.0000000000

     Dynamical  Matrix in cartesian axes

     q = (    0.000000000   0.000000000   0.496328851 ) 

    1    1
  0.31110732  0.00000000    0.03782793  0.00000000    0.00000000 -0.00000172
  0.03782793  0.00000000    0.31110732  0.00000000    0.00000000 -0.00000172
  0.00000000  0.00000172    0.00000000  0.00000172    0.74957818  0.00000000
    1    2
 -0.03468265  0.06007211   -0.00027431  0.00047512    0.00000452  0.00000261
 -0.00027431  0.00047512   -0.03468265  0.06007211    0.00000452  0.00000261
  0.00000577  0.00000333    0.00000577  0.00000333    0.05138852 -0.08900753
    1    3
 -0.02114806  0.03662951    0.01790448 -0.03101147    0.05030032  0.02904090
  0.01773002 -0.03070929   -0.02127743  0.03685359   -0.05028692 -0.02903317
  0.04817473  0.02781369   -0.04820308 -0.02783006   -0.07101293  0.12299800
    1    4
 -0.02127743  0.03685359    0.01773002 -0.03070929   -0.05028692 -0.02903317
  0.01790448 -0.03101147   -0.02114806  0.03662951    0.05030032  0.02904090
 -0.04820308 -0.02783006    0.04817473  0.02781369   -0.07101293  0.12299800
    1    5
 -0.04423567  0.00000000   -0.05248262  0.00000000    0.00000000  0.01085669
 -0.05248262  0.00000000   -0.04423567  0.00000000    0.00000000  0.01085669
  0.00000000 -0.00005771    0.00000000 -0.00005771   -0.10305476  0.00000000
    1    6
 -0.04425776  0.00000000   -0.05250636  0.00000000    0.00000000 -0.01086275
 -0.05250636  0.00000000   -0.04425776  0.00000000    0.00000000 -0.01086275
  0.00000000  0.00006792    0.00000000  0.00006792   -0.10305954  0.00000000
    2    1
 -0.03468265 -0.06007211   -0.00027431 -0.00047512    0.00000577 -0.00000333
 -0.00027431 -0.00047512   -0.03468265 -0.06007211    0.00000577 -0.00000333
  0.00000452 -0.00000261    0.00000452 -0.00000261    0.05138852  0.08900753
    2    2
  0.31174379  0.00000000   -0.03686967  0.00000000    0.00000000 -0.00005193
 -0.03686967  0.00000000    0.31174379  0.00000000    0.00000000 -0.00005193
  0.00000000  0.00005193    0.00000000  0.00005193    0.74994194  0.00000000
    2    3
 -0.04457530  0.00000000    0.05250821  0.00000000    0.00000000  0.01113497
  0.05232435  0.00000000   -0.04483253  0.00000000    0.00000000 -0.01115220
  0.00000000  0.00001996    0.00000000 -0.00001010   -0.10312581  0.00000000
    2    4
 -0.04483253  0.00000000    0.05232435  0.00000000    0.00000000 -0.01115220
  0.05250821  0.00000000   -0.04457530  0.00000000    0.00000000  0.01113497
  0.00000000 -0.00001010    0.00000000  0.00001996   -0.10312581  0.00000000
    2    5
 -0.02115131 -0.03663515   -0.01779416 -0.03082040   -0.05071832  0.02928224
 -0.01779416 -0.03082040   -0.02115131 -0.03663515   -0.05071832  0.02928224
 -0.04822051  0.02784013   -0.04822051  0.02784013   -0.07106518 -0.12308850
    2    6
 -0.02115638 -0.03664393   -0.01779867 -0.03082820    0.05071317 -0.02927926
 -0.01779867 -0.03082820   -0.02115638 -0.03664393    0.05071317 -0.02927926
  0.04824438 -0.02785391    0.04824438 -0.02785391   -0.07104465 -0.12305294
    3    1
 -0.02114806 -0.03662951    0.01773002  0.03070929    0.04817473 -0.02781369
  0.01790448  0.03101147   -0.02127743 -0.03685359   -0.04820308  0.02783006
  0.05030032 -0.02904090   -0.05028692  0.02903317   -0.07101293 -0.12299800
    3    2
 -0.04457530  0.00000000    0.05232435  0.00000000    0.00000000 -0.00001996
  0.05250821  0.00000000   -0.04483253  0.00000000    0.00000000  0.00001010
  0.00000000 -0.01113497    0.00000000  0.01115220   -0.10312581  0.00000000
    3    3
  0.24152351  0.00000000   -0.17202265  0.00000000    0.00000000  0.00206943
 -0.17202265  0.00000000    0.24195436  0.00000000    0.00000000 -0.00189406
  0.00000000 -0.00206943    0.00000000  0.00189406    0.34427209  0.00000000
    3    4
 -0.04678681  0.00000000    0.04377882  0.00000000    0.00000000 -0.00267313
  0.04369800  0.00000000   -0.04678681  0.00000000    0.00000000  0.00253610
  0.00000000 -0.00253610    0.00000000  0.00267313    0.03861877  0.00000000
    3    5
 -0.01855594 -0.03213983   -0.00209848 -0.00363468    0.00095748 -0.00055280
  0.00212535  0.00368122    0.00133221  0.00230746    0.01061219 -0.00612695
 -0.00083953  0.00048470    0.01045616 -0.00603687    0.00315642  0.00546707
    3    6
  0.00133724  0.00231617    0.00210845  0.00365194   -0.01060463  0.00612259
 -0.00210551 -0.00364685   -0.01856763 -0.03216008   -0.00094568  0.00054599
 -0.01045086  0.00603381    0.00082472 -0.00047615    0.00315245  0.00546020
    4    1
 -0.02127743 -0.03685359    0.01790448  0.03101147   -0.04820308  0.02783006
  0.01773002  0.03070929   -0.02114806 -0.03662951    0.04817473 -0.02781369
 -0.05028692  0.02903317    0.05030032 -0.02904090   -0.07101293 -0.12299800
    4    2
 -0.04483253  0.00000000    0.05250821  0.00000000    0.00000000  0.00001010
  0.05232435  0.00000000   -0.04457530  0.00000000    0.00000000 -0.00001996
  0.00000000  0.01115220    0.00000000 -0.01113497   -0.10312581  0.00000000
    4    3
 -0.04678681  0.00000000    0.04369800  0.00000000    0.00000000  0.00253610
  0.04377882  0.00000000   -0.04678681  0.00000000    0.00000000 -0.00267313
  0.00000000  0.00267313    0.00000000 -0.00253610    0.03861877  0.00000000
    4    4
  0.24195436  0.00000000   -0.17202265  0.00000000    0.00000000 -0.00189406
 -0.17202265  0.00000000    0.24152351  0.00000000    0.00000000  0.00206943
  0.00000000  0.00189406    0.00000000 -0.00206943    0.34427209  0.00000000
    4    5
  0.00133221  0.00230746    0.00212535  0.00368122    0.01061219 -0.00612695
 -0.00209848 -0.00363468   -0.01855594 -0.03213983    0.00095748 -0.00055280
  0.01045616 -0.00603687   -0.00083953  0.00048470    0.00315642  0.00546707
    4    6
 -0.01856763 -0.03216008   -0.00210551 -0.00364685   -0.00094568  0.00054599
  0.00210845  0.00365194    0.00133724  0.00231617   -0.01060463  0.00612259
  0.00082472 -0.00047615   -0.01045086  0.00603381    0.00315245  0.00546020
    5    1
 -0.04423567  0.00000000   -0.05248262  0.00000000    0.00000000  0.00005771
 -0.05248262  0.00000000   -0.04423567  0.00000000    0.00000000  0.00005771
  0.00000000 -0.01085669    0.00000000 -0.01085669   -0.10305476  0.00000000
    5    2
 -0.02115131  0.03663515   -0.01779416  0.03082040   -0.04822051 -0.02784013
 -0.01779416  0.03082040   -0.02115131  0.03663515   -0.04822051 -0.02784013
 -0.05071832 -0.02928224   -0.05071832 -0.02928224   -0.07106518  0.12308850
    5    3
 -0.01855594  0.03213983    0.00212535 -0.00368122   -0.00083953 -0.00048470
 -0.00209848  0.00363468    0.00133221 -0.00230746    0.01045616  0.00603687
  0.00095748  0.00055280    0.01061219  0.00612695    0.00315642 -0.00546707
    5    4
  0.00133221 -0.00230746   -0.00209848  0.00363468    0.01045616  0.00603687
  0.00212535 -0.00368122   -0.01855594  0.03213983   -0.00083953 -0.00048470
  0.01061219  0.00612695    0.00095748  0.00055280    0.00315642 -0.00546707
    5    5
  0.24158099  0.00000000    0.17166305  0.00000000    0.00000000  0.00203321
  0.17166305  0.00000000    0.24158099  0.00000000    0.00000000  0.00203321
  0.00000000 -0.00203321    0.00000000 -0.00203321    0.34441964  0.00000000
    5    6
 -0.04696374  0.00000000   -0.04377551  0.00000000    0.00000000 -0.00258454
 -0.04377551  0.00000000   -0.04696374  0.00000000    0.00000000 -0.00258454
  0.00000000 -0.00256962    0.00000000 -0.00256962    0.03850536  0.00000000
    6    1
 -0.04425776  0.00000000   -0.05250636  0.00000000    0.00000000 -0.00006792
 -0.05250636  0.00000000   -0.04425776  0.00000000    0.00000000 -0.00006792
  0.00000000  0.01086275    0.00000000  0.01086275   -0.10305954  0.00000000
    6    2
 -0.02115638  0.03664393   -0.01779867  0.03082820    0.04824438  0.02785391
 -0.01779867  0.03082820   -0.02115638  0.03664393    0.04824438  0.02785391
  0.05071317  0.02927926    0.05071317  0.02927926   -0.07104465  0.12305294
    6    3
  0.00133724 -0.00231617   -0.00210551  0.00364685   -0.01045086 -0.00603381
  0.00210845 -0.00365194   -0.01856763  0.03216008    0.00082472  0.00047615
 -0.01060463 -0.00612259   -0.00094568 -0.00054599    0.00315245 -0.00546020
    6    4
 -0.01856763  0.03216008    0.00210845 -0.00365194    0.00082472  0.00047615
 -0.00210551  0.00364685    0.00133724 -0.00231617   -0.01045086 -0.00603381
 -0.00094568 -0.00054599   -0.01060463 -0.00612259    0.00315245 -0.00546020
    6    5
 -0.04696374  0.00000000   -0.04377551  0.00000000    0.00000000  0.00256962
 -0.04377551  0.00000000   -0.04696374  0.00000000    0.00000000  0.00256962
  0.00000000  0.00258454    0.00000000  0.00258454    0.03850536  0.00000000
    6    6
  0.24182090  0.00000000    0.17164825  0.00000000    0.00000000 -0.00206214
  0.17164825  0.00000000    0.24182090  0.00000000    0.00000000 -0.00206214
  0.00000000  0.00206214    0.00000000  0.00206214    0.34441986  0.00000000

     Dynamical  Matrix in cartesian axes

     q = (    0.000000000   0.000000000  -0.496328851 ) 

    1    1
  0.31110732  0.00000000    0.03782793  0.00000000    0.00000000  0.00000172
  0.03782793  0.00000000    0.31110732  0.00000000    0.00000000  0.00000172
  0.00000000 -0.00000172    0.00000000 -0.00000172    0.74957818  0.00000000
    1    2
 -0.03468265 -0.06007211   -0.00027431 -0.00047512    0.00000452 -0.00000261
 -0.00027431 -0.00047512   -0.03468265 -0.06007211    0.00000452 -0.00000261
  0.00000577 -0.00000333    0.00000577 -0.00000333    0.05138852  0.08900753
    1    3
 -0.02114806 -0.03662951    0.01790448  0.03101147    0.05030032 -0.02904090
  0.01773002  0.03070929   -0.02127743 -0.03685359   -0.05028692  0.02903317
  0.04817473 -0.02781369   -0.04820308  0.02783006   -0.07101293 -0.12299800
    1    4
 -0.02127743 -0.03685359    0.01773002  0.03070929   -0.05028692  0.02903317
  0.01790448  0.03101147   -0.02114806 -0.03662951    0.05030032 -0.02904090
 -0.04820308  0.02783006    0.04817473 -0.02781369   -0.07101293 -0.12299800
    1    5
 -0.04423567  0.00000000   -0.05248262  0.00000000    0.00000000 -0.01085669
 -0.05248262  0.00000000   -0.04423567  0.00000000    0.00000000 -0.01085669
  0.00000000  0.00005771    0.00000000  0.00005771   -0.10305476  0.00000000
    1    6
 -0.04425776  0.00000000   -0.05250636  0.00000000    0.00000000  0.01086275
 -0.05250636  0.00000000   -0.04425776  0.00000000    0.00000000  0.01086275
  0.00000000 -0.00006792    0.00000000 -0.00006792   -0.10305954  0.00000000
    2    1
 -0.03468265  0.06007211   -0.00027431  0.00047512    0.00000577  0.00000333
 -0.00027431  0.00047512   -0.03468265  0.06007211    0.00000577  0.00000333
  0.00000452  0.00000261    0.00000452  0.00000261    0.05138852 -0.08900753
    2    2
  0.31174379  0.00000000   -0.03686967  0.00000000    0.00000000  0.00005193
 -0.03686967  0.00000000    0.31174379  0.00000000    0.00000000  0.00005193
  0.00000000 -0.00005193    0.00000000 -0.00005193    0.74994194  0.00000000
    2    3
 -0.04457530  0.00000000    0.05250821  0.00000000    0.00000000 -0.01113497
  0.05232435  0.00000000   -0.04483253  0.00000000    0.00000000  0.01115220
  0.00000000 -0.00001996    0.00000000  0.00001010   -0.10312581  0.00000000
    2    4
 -0.04483253  0.00000000    0.05232435  0.00000000    0.00000000  0.01115220
  0.05250821  0.00000000   -0.04457530  0.00000000    0.00000000 -0.01113497
  0.00000000  0.00001010    0.00000000 -0.00001996   -0.10312581  0.00000000
    2    5
 -0.02115131  0.03663515   -0.01779416  0.03082040   -0.05071832 -0.02928224
 -0.01779416  0.03082040   -0.02115131  0.03663515   -0.05071832 -0.02928224
 -0.04822051 -0.02784013   -0.04822051 -0.02784013   -0.07106518  0.12308850
    2    6
 -0.02115638  0.03664393   -0.01779867  0.03082820    0.05071317  0.02927926
 -0.01779867  0.03082820   -0.02115638  0.03664393    0.05071317  0.02927926
  0.04824438  0.02785391    0.04824438  0.02785391   -0.07104465  0.12305294
    3    1
 -0.02114806  0.03662951    0.01773002 -0.03070929    0.04817473  0.02781369
  0.01790448 -0.03101147   -0.02127743  0.03685359   -0.04820308 -0.02783006
  0.05030032  0.02904090   -0.05028692 -0.02903317   -0.07101293  0.12299800
    3    2
 -0.04457530  0.00000000    0.05232435  0.00000000    0.00000000  0.00001996
  0.05250821  0.00000000   -0.04483253  0.00000000    0.00000000 -0.00001010
  0.00000000  0.01113497    0.00000000 -0.01115220   -0.10312581  0.00000000
    3    3
  0.24152351  0.00000000   -0.17202265  0.00000000    0.00000000 -0.00206943
 -0.17202265  0.00000000    0.24195436  0.00000000    0.00000000  0.00189406
  0.00000000  0.00206943    0.00000000 -0.00189406    0.34427209  0.00000000
    3    4
 -0.04678681  0.00000000    0.04377882  0.00000000    0.00000000  0.00267313
  0.04369800  0.00000000   -0.04678681  0.00000000    0.00000000 -0.00253610
  0.00000000  0.00253610    0.00000000 -0.00267313    0.03861877  0.00000000
    3    5
 -0.01855594  0.03213983   -0.00209848  0.00363468    0.00095748  0.00055280
  0.00212535 -0.00368122    0.00133221 -0.00230746    0.01061219  0.00612695
 -0.00083953 -0.00048470    0.01045616  0.00603687    0.00315642 -0.00546707
    3    6
  0.00133724 -0.00231617    0.00210845 -0.00365194   -0.01060463 -0.00612259
 -0.00210551  0.00364685   -0.01856763  0.03216008   -0.00094568 -0.00054599
 -0.01045086 -0.00603381    0.00082472  0.00047615    0.00315245 -0.00546020
    4    1
 -0.02127743  0.03685359    0.01790448 -0.03101147   -0.04820308 -0.02783006
  0.01773002 -0.03070929   -0.02114806  0.03662951    0.04817473  0.02781369
 -0.05028692 -0.02903317    0.05030032  0.02904090   -0.07101293  0.12299800
    4    2
 -0.04483253  0.00000000    0.05250821  0.00000000    0.00000000 -0.00001010
  0.05232435  0.00000000   -0.04457530  0.00000000    0.00000000  0.00001996
  0.00000000 -0.01115220    0.00000000  0.01113497   -0.10312581  0.00000000
    4    3
 -0.04678681  0.00000000    0.04369800  0.00000000    0.00000000 -0.00253610
  0.04377882  0.00000000   -0.04678681  0.00000000    0.00000000  0.00267313
  0.00000000 -0.00267313    0.00000000  0.00253610    0.03861877  0.00000000
    4    4
  0.24195436  0.00000000   -0.17202265  0.00000000    0.00000000  0.00189406
 -0.17202265  0.00000000    0.24152351  0.00000000    0.00000000 -0.00206943
  0.00000000 -0.00189406    0.00000000  0.00206943    0.34427209  0.00000000
    4    5
  0.00133221 -0.00230746    0.00212535 -0.00368122    0.01061219  0.00612695
 -0.00209848  0.00363468   -0.01855594  0.03213983    0.00095748  0.00055280
  0.01045616  0.00603687   -0.00083953 -0.00048470    0.00315642 -0.00546707
    4    6
 -0.01856763  0.03216008   -0.00210551  0.00364685   -0.00094568 -0.00054599
  0.00210845 -0.00365194    0.00133724 -0.00231617   -0.01060463 -0.00612259
  0.00082472  0.00047615   -0.01045086 -0.00603381    0.00315245 -0.00546020
    5    1
 -0.04423567  0.00000000   -0.05248262  0.00000000    0.00000000 -0.00005771
 -0.05248262  0.00000000   -0.04423567  0.00000000    0.00000000 -0.00005771
  0.00000000  0.01085669    0.00000000  0.01085669   -0.10305476  0.00000000
    5    2
 -0.02115131 -0.03663515   -0.01779416 -0.03082040   -0.04822051  0.02784013
 -0.01779416 -0.03082040   -0.02115131 -0.03663515   -0.04822051  0.02784013
 -0.05071832  0.02928224   -0.05071832  0.02928224   -0.07106518 -0.12308850
    5    3
 -0.01855594 -0.03213983    0.00212535  0.00368122   -0.00083953  0.00048470
 -0.00209848 -0.00363468    0.00133221  0.00230746    0.01045616 -0.00603687
  0.00095748 -0.00055280    0.01061219 -0.00612695    0.00315642  0.00546707
    5    4
  0.00133221  0.00230746   -0.00209848 -0.00363468    0.01045616 -0.00603687
  0.00212535  0.00368122   -0.01855594 -0.03213983   -0.00083953  0.00048470
  0.01061219 -0.00612695    0.00095748 -0.00055280    0.00315642  0.00546707
    5    5
  0.24158099  0.00000000    0.17166305  0.00000000    0.00000000 -0.00203321
  0.17166305  0.00000000    0.24158099  0.00000000    0.00000000 -0.00203321
  0.00000000  0.00203321    0.00000000  0.00203321    0.34441964  0.00000000
    5    6
 -0.04696374  0.00000000   -0.04377551  0.00000000    0.00000000  0.00258454
 -0.04377551  0.00000000   -0.04696374  0.00000000    0.00000000  0.00258454
  0.00000000  0.00256962    0.00000000  0.00256962    0.03850536  0.00000000
    6    1
 -0.04425776  0.00000000   -0.05250636  0.00000000    0.00000000  0.00006792
 -0.05250636  0.00000000   -0.04425776  0.00000000    0.00000000  0.00006792
  0.00000000 -0.01086275    0.00000000 -0.01086275   -0.10305954  0.00000000
    6    2
 -0.02115638 -0.03664393   -0.01779867 -0.03082820    0.04824438 -0.02785391
 -0.01779867 -0.03082820   -0.02115638 -0.03664393    0.04824438 -0.02785391
  0.05071317 -0.02927926    0.05071317 -0.02927926   -0.07104465 -0.12305294
    6    3
  0.00133724  0.00231617   -0.00210551 -0.00364685   -0.01045086  0.00603381
  0.00210845  0.00365194   -0.01856763 -0.03216008    0.00082472 -0.00047615
 -0.01060463  0.00612259   -0.00094568  0.00054599    0.00315245  0.00546020
    6    4
 -0.01856763 -0.03216008    0.00210845  0.00365194    0.00082472 -0.00047615
 -0.00210551 -0.00364685    0.00133724  0.00231617   -0.01045086  0.00603381
 -0.00094568  0.00054599   -0.01060463  0.00612259    0.00315245  0.00546020
    6    5
 -0.04696374  0.00000000   -0.04377551  0.00000000    0.00000000 -0.00256962
 -0.04377551  0.00000000   -0.04696374  0.00000000    0.00000000 -0.00256962
  0.00000000 -0.00258454    0.00000000 -0.00258454    0.03850536  0.00000000
    6    6
  0.24182090  0.00000000    0.17164825  0.00000000    0.00000000  0.00206214
  0.17164825  0.00000000    0.24182090  0.00000000    0.00000000  0.00206214
  0.00000000 -0.00206214    0.00000000 -0.00206214    0.34441986  0.00000000

     Diagonalizing the dynamical matrix

     q = (    0.000000000   0.000000000   0.496328851 ) 

 **************************************************************************
     freq (    1) =       3.119484 [THz] =     104.054770 [cm-1]
 ( -0.000000  0.333582  0.000000  0.333582  0.000055  0.000000 ) 
 ( -0.408790  0.236015 -0.408790  0.236015  0.000046  0.000080 ) 
 ( -0.061877  0.035725 -0.061835  0.035701  0.000027  0.000047 ) 
 ( -0.061835  0.035701 -0.061877  0.035725  0.000027  0.000047 ) 
 ( -0.000000  0.234255  0.000000  0.234255 -0.214368  0.000000 ) 
 ( -0.000000  0.234189  0.000000  0.234189  0.214523  0.000000 ) 
     freq (    2) =       3.119507 [THz] =     104.055537 [cm-1]
 (  0.471938  0.037634 -0.471938 -0.037634  0.000000  0.000000 ) 
 (  0.143152  0.300926 -0.143152 -0.300926  0.000000  0.000000 ) 
 (  0.099399  0.208950 -0.101786 -0.213968 -0.193892  0.092235 ) 
 (  0.101786  0.213968 -0.099399 -0.208950  0.193892 -0.092235 ) 
 (  0.065677  0.005237 -0.065677 -0.005237 -0.000000  0.000000 ) 
 (  0.068224  0.005440 -0.068224 -0.005440  0.000000  0.000000 ) 
     freq (    3) =       5.559432 [THz] =     185.442693 [cm-1]
 ( -0.000531 -0.000749  0.000531  0.000749  0.000000  0.000000 ) 
 ( -0.000842  0.001834  0.000842 -0.001834 -0.000000  0.000000 ) 
 ( -0.148652  0.323631 -0.147580  0.321296  0.000187  0.000086 ) 
 (  0.147580 -0.321296  0.148652 -0.323631 -0.000187 -0.000086 ) 
 (  0.206054  0.290704 -0.206054 -0.290704 -0.000000  0.000000 ) 
 ( -0.201306 -0.284005  0.201306  0.284005  0.000000  0.000000 ) 
     freq (    4) =       5.801704 [THz] =     193.524000 [cm-1]
 (  0.234919  0.029968 -0.234919 -0.029968 -0.000000 -0.000000 ) 
 ( -0.119004 -0.284066  0.119004  0.284066  0.000000 -0.000000 ) 
 ( -0.031452 -0.075077  0.037168  0.088722 -0.107180  0.044901 ) 
 ( -0.037168 -0.088722  0.031452  0.075077  0.107180 -0.044901 ) 
 ( -0.390183 -0.049774  0.390183  0.049774  0.000000 -0.000000 ) 
 ( -0.402884 -0.051394  0.402884  0.051394 -0.000000  0.000000 ) 
     freq (    5) =       5.813038 [THz] =     193.902060 [cm-1]
 (  0.000000 -0.304020 -0.000000 -0.304020  0.000010 -0.000000 ) 
 ( -0.204123  0.117850 -0.204123  0.117850  0.000054  0.000093 ) 
 (  0.347940 -0.200883  0.347594 -0.200683  0.000054  0.000093 ) 
 (  0.347594 -0.200683  0.347940 -0.200883  0.000054  0.000093 ) 
 ( -0.000000 -0.087783  0.000000 -0.087783 -0.118703 -0.000000 ) 
 ( -0.000000 -0.087789  0.000000 -0.087789  0.118723  0.000000 ) 
     freq (    6) =       6.839555 [THz] =     228.143012 [cm-1]
 (  0.000000 -0.000224 -0.000000 -0.000224  0.485357  0.000000 ) 
 ( -0.000022  0.000013 -0.000022  0.000013  0.242492  0.420008 ) 
 ( -0.052112  0.030087  0.050501 -0.029157  0.177015  0.306599 ) 
 (  0.050501 -0.029157 -0.052112  0.030087  0.177015  0.306599 ) 
 (  0.000000  0.059246 -0.000000  0.059246  0.354045  0.000000 ) 
 (  0.000000 -0.059065 -0.000000 -0.059065  0.353773  0.000000 ) 
     freq (    7) =       6.997884 [THz] =     233.424278 [cm-1]
 ( -0.000000 -0.126627  0.000000 -0.126627 -0.000341  0.000000 ) 
 ( -0.057635  0.033275 -0.057635  0.033275 -0.000107 -0.000186 ) 
 ( -0.422493  0.243926 -0.422261  0.243793 -0.000131 -0.000227 ) 
 ( -0.422261  0.243793 -0.422493  0.243926 -0.000131 -0.000227 ) 
 ( -0.000000  0.037291  0.000000  0.037291  0.031634  0.000000 ) 
 ( -0.000000  0.037340  0.000000  0.037340 -0.031974  0.000000 ) 
     freq (    8) =       7.008304 [THz] =     233.771854 [cm-1]
 ( -0.064902 -0.011459  0.064902  0.011459  0.000000  0.000000 ) 
 (  0.042589  0.117094 -0.042589 -0.117094  0.000000  0.000000 ) 
 ( -0.012212 -0.033576  0.013657  0.037548 -0.029409  0.010697 ) 
 ( -0.013657 -0.037548  0.012212  0.033576  0.029409 -0.010697 ) 
 ( -0.480148 -0.084775  0.480148  0.084775 -0.000000  0.000000 ) 
 ( -0.480977 -0.084921  0.480977  0.084921  0.000000  0.000000 ) 
     freq (    9) =       7.801785 [THz] =     260.239532 [cm-1]
 ( -0.000000  0.000105  0.000000  0.000105 -0.673493  0.000000 ) 
 (  0.000076 -0.000044  0.000076 -0.000044  0.336947  0.583609 ) 
 (  0.071200 -0.041107 -0.070918  0.040945 -0.048734 -0.084410 ) 
 ( -0.070918  0.040945  0.071200 -0.041107 -0.048734 -0.084410 ) 
 (  0.000000  0.082316 -0.000000  0.082316  0.098145 -0.000000 ) 
 ( -0.000000 -0.082349  0.000000 -0.082349  0.097960  0.000000 ) 
     freq (   10) =       8.800768 [THz] =     293.562016 [cm-1]
 (  0.000136 -0.000048 -0.000136  0.000048 -0.000000  0.000000 ) 
 ( -0.000004 -0.000004  0.000004  0.000004  0.000000  0.000000 ) 
 (  0.267721  0.229837  0.266781  0.229030 -0.000361  0.000421 ) 
 ( -0.266781 -0.229030 -0.267721 -0.229837  0.000361 -0.000421 ) 
 ( -0.333771  0.117239  0.333771 -0.117239  0.000000 -0.000000 ) 
 (  0.335868 -0.117976 -0.335868  0.117976  0.000000  0.000000 ) 
     freq (   11) =      15.256664 [THz] =     508.907543 [cm-1]
 ( -0.029993  0.028151  0.029993 -0.028151 -0.000000 -0.000000 ) 
 ( -0.008800 -0.002659  0.008800  0.002659 -0.000000 -0.000000 ) 
 (  0.023637  0.007143 -0.024692 -0.007461 -0.203483  0.673373 ) 
 (  0.024692  0.007461 -0.023637 -0.007143  0.203483 -0.673373 ) 
 (  0.023759 -0.022300 -0.023759  0.022300 -0.000000  0.000000 ) 
 (  0.023632 -0.022181 -0.023632  0.022181  0.000000  0.000000 ) 
     freq (   12) =      15.266523 [THz] =     509.236390 [cm-1]
 (  0.000000 -0.009246 -0.000000 -0.009246 -0.000014 -0.000000 ) 
 (  0.036087 -0.020835  0.036087 -0.020835  0.000006  0.000010 ) 
 ( -0.028540  0.016477 -0.028506  0.016458  0.000023  0.000041 ) 
 ( -0.028506  0.016458 -0.028540  0.016477  0.000023  0.000041 ) 
 ( -0.000000  0.028478 -0.000000  0.028478 -0.703107  0.000000 ) 
 ( -0.000000  0.028488 -0.000000  0.028488  0.703145  0.000000 ) 
     freq (   13) =      15.900462 [THz] =     530.382308 [cm-1]
 ( -0.000000  0.041903 -0.000000  0.041903  0.000007 -0.000000 ) 
 ( -0.026477  0.015286 -0.026477  0.015286  0.000028  0.000048 ) 
 ( -0.055694  0.032155 -0.055665  0.032138  0.000140  0.000243 ) 
 ( -0.055665  0.032138 -0.055694  0.032155  0.000140  0.000243 ) 
 (  0.000000 -0.493507  0.000000 -0.493507 -0.051835 -0.000000 ) 
 (  0.000000 -0.492792  0.000000 -0.492792  0.051091  0.000000 ) 
     freq (   14) =      15.916226 [THz] =     530.908161 [cm-1]
 (  0.030164  0.006557 -0.030164 -0.006557 -0.000000 -0.000000 ) 
 (  0.012805  0.040039 -0.012805 -0.040039 -0.000000  0.000000 ) 
 ( -0.150135 -0.469433  0.150455  0.470434 -0.044725  0.014304 ) 
 ( -0.150455 -0.470434  0.150135  0.469433  0.044725 -0.014304 ) 
 (  0.062599  0.013608 -0.062599 -0.013608 -0.000000 -0.000000 ) 
 (  0.062713  0.013633 -0.062713 -0.013633  0.000000  0.000000 ) 
     freq (   15) =      16.588227 [THz] =     553.323708 [cm-1]
 ( -0.000000 -0.000023 -0.000000 -0.000023 -0.021204 -0.000000 ) 
 (  0.000019 -0.000011  0.000019 -0.000011  0.010580  0.018326 ) 
 ( -0.022507  0.012995  0.022525 -0.013005  0.249196  0.431621 ) 
 (  0.022525 -0.013005 -0.022507  0.012995  0.249196  0.431621 ) 
 (  0.000000 -0.024914  0.000000 -0.024914 -0.498464 -0.000000 ) 
 (  0.000000  0.025586  0.000000  0.025586 -0.498589  0.000000 ) 
     freq (   16) =      17.703981 [THz] =     590.541243 [cm-1]
 ( -0.000000 -0.000003 -0.000000 -0.000003 -0.061350 -0.000000 ) 
 (  0.000009 -0.000005  0.000009 -0.000005 -0.030647 -0.053082 ) 
 (  0.192338 -0.111046 -0.192484  0.111131  0.193285  0.334779 ) 
 ( -0.192484  0.111131  0.192338 -0.111046  0.193285  0.334779 ) 
 ( -0.000000 -0.222576 -0.000000 -0.222576  0.385927 -0.000000 ) 
 (  0.000000  0.222793  0.000000  0.222793  0.385828  0.000000 ) 
     freq (   17) =      18.895804 [THz] =     630.296166 [cm-1]
 (  0.000000  0.000011  0.000000  0.000011 -0.075174 -0.000000 ) 
 ( -0.000017  0.000010 -0.000017  0.000010 -0.037664 -0.065236 ) 
 ( -0.248465  0.143451  0.248597 -0.143528  0.143100  0.247856 ) 
 (  0.248597 -0.143528 -0.248465  0.143451  0.143100  0.247856 ) 
 (  0.000000  0.287319  0.000000  0.287319  0.286928  0.000000 ) 
 ( -0.000000 -0.287810 -0.000000 -0.287810  0.286923  0.000000 ) 
     freq (   18) =      20.335385 [THz] =     678.315435 [cm-1]
 (  0.000000 -0.000023  0.000000 -0.000023 -0.021642 -0.000000 ) 
 (  0.000003 -0.000001  0.000003 -0.000001  0.010798  0.018703 ) 
 ( -0.305241  0.176231  0.305530 -0.176398 -0.019834 -0.034353 ) 
 (  0.305530 -0.176398 -0.305241  0.176231 -0.019834 -0.034353 ) 
 ( -0.000000 -0.351708 -0.000000 -0.351708  0.039620 -0.000000 ) 
 ( -0.000000  0.352135 -0.000000  0.352135  0.039557  0.000000 ) 
 **************************************************************************
