Dynamical matrix file
Phonon dispersions for SnO2                                                
  2    6  6  9.1370330  1.0000000  0.6715977  0.0000000  0.0000000  0.0000000
           1  'Sn  '    108197.545983522     
           2  'O   '    14582.1964298742     
    1    1     -0.0003319700     -0.0003319700      0.0000000000
    2    1      0.4996674800      0.4996674800      0.3357988685
    3    2      0.8063691980      0.1929617810      0.3357988685
    4    2      0.1929617810      0.8063691980      0.3357988685
    5    2      0.3063704630      0.3063704630      0.0000000000
    6    2      0.6929630480      0.6929630480      0.0000000000

     Dynamical  Matrix in cartesian axes

     q = (    0.333333333   0.333333333   0.000000000 ) 

    1    1
  0.49337623  0.00000000    0.00373227  0.00000000    0.00000000  0.00000000
  0.00373227  0.00000000    0.49337623  0.00000000    0.00000000  0.00000000
  0.00000000  0.00000000    0.00000000  0.00000000    0.35622704  0.00000000
    1    2
  0.01271612  0.02186499   -0.09067457 -0.15688925    0.00000000  0.00000000
 -0.09067457 -0.15688925    0.01271612  0.02186499    0.00000000  0.00000000
  0.00000000  0.00000000    0.00000000  0.00000000   -0.00020318 -0.00035216
    1    3
  0.07685491  0.08202006   -0.04144097 -0.03251862    0.00000000  0.00000000
 -0.00742971 -0.05224075    0.03251505  0.10759060    0.00000000  0.00000000
  0.00000000  0.00000000    0.00000000  0.00000000    0.08470141  0.14670729
    1    4
  0.03251505  0.10759060   -0.00742971 -0.05224075    0.00000000  0.00000000
 -0.04144097 -0.03251862    0.07685491  0.08202006    0.00000000  0.00000000
  0.00000000  0.00000000    0.00000000  0.00000000    0.08470141  0.14670729
    1    5
 -0.09690712  0.01737353   -0.04851962  0.05290145    0.00000000  0.00000000
 -0.04851962  0.05290145   -0.09690712  0.01737353    0.00000000  0.00000000
  0.00000000  0.00000000    0.00000000  0.00000000   -0.01470802 -0.00098119
    1    6
  0.06359234 -0.07524407    0.06997099 -0.01554469    0.00000000  0.00000000
  0.06997099 -0.01554469    0.06359234 -0.07524407    0.00000000  0.00000000
  0.00000000  0.00000000    0.00000000  0.00000000    0.00650454 -0.01322885
    2    1
  0.01271612 -0.02186499   -0.09067457  0.15688925    0.00000000  0.00000000
 -0.09067457  0.15688925    0.01271612 -0.02186499    0.00000000  0.00000000
  0.00000000  0.00000000    0.00000000  0.00000000   -0.00020318  0.00035216
    2    2
  0.48161529  0.00000000    0.05462909  0.00000000    0.00000000  0.00000000
  0.05462909  0.00000000    0.48161529  0.00000000    0.00000000  0.00000000
  0.00000000  0.00000000    0.00000000  0.00000000    0.35656587  0.00000000
    2    3
 -0.07520126 -0.01879546    0.01534673  0.01214058    0.00000000  0.00000000
  0.01527932 -0.01220042   -0.07529388  0.01883916    0.00000000  0.00000000
  0.00000000  0.00000000    0.00000000  0.00000000   -0.01339787  0.00000004
    2    4
 -0.07529388  0.01883916    0.01527932 -0.01220042    0.00000000  0.00000000
  0.01534673  0.01214058   -0.07520126 -0.01879546    0.00000000  0.00000000
  0.00000000  0.00000000    0.00000000  0.00000000   -0.01339787  0.00000004
    2    5
 -0.11702227 -0.00953559   -0.07513386 -0.02520334    0.00000000  0.00000000
 -0.07513386 -0.02520334   -0.11702227 -0.00953559    0.00000000  0.00000000
  0.00000000  0.00000000    0.00000000  0.00000000   -0.16901992 -0.00101934
    2    6
 -0.11699483  0.00944135   -0.07516745  0.02529686    0.00000000  0.00000000
 -0.07516745  0.02529686   -0.11699483  0.00944135    0.00000000  0.00000000
  0.00000000  0.00000000    0.00000000  0.00000000   -0.16902891  0.00101933
    3    1
  0.07685491 -0.08202006   -0.00742971  0.05224075    0.00000000  0.00000000
 -0.04144097  0.03251862    0.03251505 -0.10759060    0.00000000  0.00000000
  0.00000000  0.00000000    0.00000000  0.00000000    0.08470141 -0.14670729
    3    2
 -0.07520126  0.01879546    0.01527932  0.01220042    0.00000000  0.00000000
  0.01534673 -0.01214058   -0.07529388 -0.01883916    0.00000000  0.00000000
  0.00000000  0.00000000    0.00000000  0.00000000   -0.01339787 -0.00000004
    3    3
  0.26194006  0.00000000   -0.17961875  0.00631847    0.00000000  0.00000000
 -0.17961875 -0.00631847    0.26217579  0.00000000    0.00000000  0.00000000
  0.00000000  0.00000000    0.00000000  0.00000000    0.24833246  0.00000000
    3    4
 -0.04787140  0.00755284    0.06802755  0.00000000    0.00000000  0.00000000
  0.06799795  0.00000000   -0.04787140 -0.00755284    0.00000000  0.00000000
  0.00000000  0.00000000    0.00000000  0.00000000    0.00632926  0.00000000
    3    5
 -0.01481682 -0.02832645    0.02380193 -0.01243089    0.00000000  0.00000000
  0.02977187  0.00627549    0.00748293  0.01811572    0.00000000  0.00000000
  0.00000000  0.00000000    0.00000000  0.00000000   -0.00835112 -0.01557899
    3    6
  0.00749409 -0.01810772    0.02975771 -0.00627221    0.00000000  0.00000000
  0.02381192  0.01242992   -0.01482711  0.02831871    0.00000000  0.00000000
  0.00000000  0.00000000    0.00000000  0.00000000   -0.00835086  0.01557923
    4    1
  0.03251505 -0.10759060   -0.04144097  0.03251862    0.00000000  0.00000000
 -0.00742971  0.05224075    0.07685491 -0.08202006    0.00000000  0.00000000
  0.00000000  0.00000000    0.00000000  0.00000000    0.08470141 -0.14670729
    4    2
 -0.07529388 -0.01883916    0.01534673 -0.01214058    0.00000000  0.00000000
  0.01527932  0.01220042   -0.07520126  0.01879546    0.00000000  0.00000000
  0.00000000  0.00000000    0.00000000  0.00000000   -0.01339787 -0.00000004
    4    3
 -0.04787140 -0.00755284    0.06799795  0.00000000    0.00000000  0.00000000
  0.06802755  0.00000000   -0.04787140  0.00755284    0.00000000  0.00000000
  0.00000000  0.00000000    0.00000000  0.00000000    0.00632926  0.00000000
    4    4
  0.26217579  0.00000000   -0.17961875 -0.00631847    0.00000000  0.00000000
 -0.17961875  0.00631847    0.26194006  0.00000000    0.00000000  0.00000000
  0.00000000  0.00000000    0.00000000  0.00000000    0.24833246  0.00000000
    4    5
  0.00748293  0.01811572    0.02977187  0.00627549    0.00000000  0.00000000
  0.02380193 -0.01243089   -0.01481682 -0.02832645    0.00000000  0.00000000
  0.00000000  0.00000000    0.00000000  0.00000000   -0.00835112 -0.01557899
    4    6
 -0.01482711  0.02831871    0.02381192  0.01242992    0.00000000  0.00000000
  0.02975771 -0.00627221    0.00749409 -0.01810772    0.00000000  0.00000000
  0.00000000  0.00000000    0.00000000  0.00000000   -0.00835086  0.01557923
    5    1
 -0.09690712 -0.01737353   -0.04851962 -0.05290145    0.00000000  0.00000000
 -0.04851962 -0.05290145   -0.09690712 -0.01737353    0.00000000  0.00000000
  0.00000000  0.00000000    0.00000000  0.00000000   -0.01470802  0.00098119
    5    2
 -0.11702227  0.00953559   -0.07513386  0.02520334    0.00000000  0.00000000
 -0.07513386  0.02520334   -0.11702227  0.00953559    0.00000000  0.00000000
  0.00000000  0.00000000    0.00000000  0.00000000   -0.16901992  0.00101934
    5    3
 -0.01481682  0.02832645    0.02977187 -0.00627549    0.00000000  0.00000000
  0.02380193  0.01243089    0.00748293 -0.01811572    0.00000000  0.00000000
  0.00000000  0.00000000    0.00000000  0.00000000   -0.00835112  0.01557899
    5    4
  0.00748293 -0.01811572    0.02380193  0.01243089    0.00000000  0.00000000
  0.02977187 -0.00627549   -0.01481682  0.02832645    0.00000000  0.00000000
  0.00000000  0.00000000    0.00000000  0.00000000   -0.00835112  0.01557899
    5    5
  0.27290008  0.00000000    0.19529456  0.00000000    0.00000000  0.00000000
  0.19529456  0.00000000    0.27290008  0.00000000    0.00000000  0.00000000
  0.00000000  0.00000000    0.00000000  0.00000000    0.24844688  0.00000000
    5    6
 -0.03818288 -0.01946214   -0.05144485 -0.03264385    0.00000000  0.00000000
 -0.05144485 -0.03264385   -0.03818288 -0.01946214    0.00000000  0.00000000
  0.00000000  0.00000000    0.00000000  0.00000000    0.00761447 -0.00047374
    6    1
  0.06359234  0.07524407    0.06997099  0.01554469    0.00000000  0.00000000
  0.06997099  0.01554469    0.06359234  0.07524407    0.00000000  0.00000000
  0.00000000  0.00000000    0.00000000  0.00000000    0.00650454  0.01322885
    6    2
 -0.11699483 -0.00944135   -0.07516745 -0.02529686    0.00000000  0.00000000
 -0.07516745 -0.02529686   -0.11699483 -0.00944135    0.00000000  0.00000000
  0.00000000  0.00000000    0.00000000  0.00000000   -0.16902891 -0.00101933
    6    3
  0.00749409  0.01810772    0.02381192 -0.01242992    0.00000000  0.00000000
  0.02975771  0.00627221   -0.01482711 -0.02831871    0.00000000  0.00000000
  0.00000000  0.00000000    0.00000000  0.00000000   -0.00835086 -0.01557923
    6    4
 -0.01482711 -0.02831871    0.02975771  0.00627221    0.00000000  0.00000000
  0.02381192 -0.01242992    0.00749409  0.01810772    0.00000000  0.00000000
  0.00000000  0.00000000    0.00000000  0.00000000   -0.00835086 -0.01557923
    6    5
 -0.03818288  0.01946214   -0.05144485  0.03264385    0.00000000  0.00000000
 -0.05144485  0.03264385   -0.03818288  0.01946214    0.00000000  0.00000000
  0.00000000  0.00000000    0.00000000  0.00000000    0.00761447  0.00047374
    6    6
  0.27314681  0.00000000    0.19528371  0.00000000    0.00000000  0.00000000
  0.19528371  0.00000000    0.27314681  0.00000000    0.00000000  0.00000000
  0.00000000  0.00000000    0.00000000  0.00000000    0.24846584  0.00000000

     Dynamical  Matrix in cartesian axes

     q = (   -0.333333333  -0.333333333   0.000000000 ) 

    1    1
  0.49337623  0.00000000    0.00373227  0.00000000    0.00000000  0.00000000
  0.00373227  0.00000000    0.49337623  0.00000000    0.00000000  0.00000000
  0.00000000  0.00000000    0.00000000  0.00000000    0.35622704  0.00000000
    1    2
  0.01271612 -0.02186499   -0.09067457  0.15688925    0.00000000  0.00000000
 -0.09067457  0.15688925    0.01271612 -0.02186499    0.00000000  0.00000000
  0.00000000  0.00000000    0.00000000  0.00000000   -0.00020318  0.00035216
    1    3
  0.07685491 -0.08202006   -0.04144097  0.03251862    0.00000000  0.00000000
 -0.00742971  0.05224075    0.03251505 -0.10759060    0.00000000  0.00000000
  0.00000000  0.00000000    0.00000000  0.00000000    0.08470141 -0.14670729
    1    4
  0.03251505 -0.10759060   -0.00742971  0.05224075    0.00000000  0.00000000
 -0.04144097  0.03251862    0.07685491 -0.08202006    0.00000000  0.00000000
  0.00000000  0.00000000    0.00000000  0.00000000    0.08470141 -0.14670729
    1    5
 -0.09690712 -0.01737353   -0.04851962 -0.05290145    0.00000000  0.00000000
 -0.04851962 -0.05290145   -0.09690712 -0.01737353    0.00000000  0.00000000
  0.00000000  0.00000000    0.00000000  0.00000000   -0.01470802  0.00098119
    1    6
  0.06359234  0.07524407    0.06997099  0.01554469    0.00000000  0.00000000
  0.06997099  0.01554469    0.06359234  0.07524407    0.00000000  0.00000000
  0.00000000  0.00000000    0.00000000  0.00000000    0.00650454  0.01322885
    2    1
  0.01271612  0.02186499   -0.09067457 -0.15688925    0.00000000  0.00000000
 -0.09067457 -0.15688925    0.01271612  0.02186499    0.00000000  0.00000000
  0.00000000  0.00000000    0.00000000  0.00000000   -0.00020318 -0.00035216
    2    2
  0.48161529  0.00000000    0.05462909  0.00000000    0.00000000  0.00000000
  0.05462909  0.00000000    0.48161529  0.00000000    0.00000000  0.00000000
  0.00000000  0.00000000    0.00000000  0.00000000    0.35656587  0.00000000
    2    3
 -0.07520126  0.01879546    0.01534673 -0.01214058    0.00000000  0.00000000
  0.01527932  0.01220042   -0.07529388 -0.01883916    0.00000000  0.00000000
  0.00000000  0.00000000    0.00000000  0.00000000   -0.01339787 -0.00000004
    2    4
 -0.07529388 -0.01883916    0.01527932  0.01220042    0.00000000  0.00000000
  0.01534673 -0.01214058   -0.07520126  0.01879546    0.00000000  0.00000000
  0.00000000  0.00000000    0.00000000  0.00000000   -0.01339787 -0.00000004
    2    5
 -0.11702227  0.00953559   -0.07513386  0.02520334    0.00000000  0.00000000
 -0.07513386  0.02520334   -0.11702227  0.00953559    0.00000000  0.00000000
  0.00000000  0.00000000    0.00000000  0.00000000   -0.16901992  0.00101934
    2    6
 -0.11699483 -0.00944135   -0.07516745 -0.02529686    0.00000000  0.00000000
 -0.07516745 -0.02529686   -0.11699483 -0.00944135    0.00000000  0.00000000
  0.00000000  0.00000000    0.00000000  0.00000000   -0.16902891 -0.00101933
    3    1
  0.07685491  0.08202006   -0.00742971 -0.05224075    0.00000000  0.00000000
 -0.04144097 -0.03251862    0.03251505  0.10759060    0.00000000  0.00000000
  0.00000000  0.00000000    0.00000000  0.00000000    0.08470141  0.14670729
    3    2
 -0.07520126 -0.01879546    0.01527932 -0.01220042    0.00000000  0.00000000
  0.01534673  0.01214058   -0.07529388  0.01883916    0.00000000  0.00000000
  0.00000000  0.00000000    0.00000000  0.00000000   -0.01339787  0.00000004
    3    3
  0.26194006  0.00000000   -0.17961875 -0.00631847    0.00000000  0.00000000
 -0.17961875  0.00631847    0.26217579  0.00000000    0.00000000  0.00000000
  0.00000000  0.00000000    0.00000000  0.00000000    0.24833246  0.00000000
    3    4
 -0.04787140 -0.00755284    0.06802755  0.00000000    0.00000000  0.00000000
  0.06799795  0.00000000   -0.04787140  0.00755284    0.00000000  0.00000000
  0.00000000  0.00000000    0.00000000  0.00000000    0.00632926  0.00000000
    3    5
 -0.01481682  0.02832645    0.02380193  0.01243089    0.00000000  0.00000000
  0.02977187 -0.00627549    0.00748293 -0.01811572    0.00000000  0.00000000
  0.00000000  0.00000000    0.00000000  0.00000000   -0.00835112  0.01557899
    3    6
  0.00749409  0.01810772    0.02975771  0.00627221    0.00000000  0.00000000
  0.02381192 -0.01242992   -0.01482711 -0.02831871    0.00000000  0.00000000
  0.00000000  0.00000000    0.00000000  0.00000000   -0.00835086 -0.01557923
    4    1
  0.03251505  0.10759060   -0.04144097 -0.03251862    0.00000000  0.00000000
 -0.00742971 -0.05224075    0.07685491  0.08202006    0.00000000  0.00000000
  0.00000000  0.00000000    0.00000000  0.00000000    0.08470141  0.14670729
    4    2
 -0.07529388  0.01883916    0.01534673  0.01214058    0.00000000  0.00000000
  0.01527932 -0.01220042   -0.07520126 -0.01879546    0.00000000  0.00000000
  0.00000000  0.00000000    0.00000000  0.00000000   -0.01339787  0.00000004
    4    3
 -0.04787140  0.00755284    0.06799795  0.00000000    0.00000000  0.00000000
  0.06802755  0.00000000   -0.04787140 -0.00755284    0.00000000  0.00000000
  0.00000000  0.00000000    0.00000000  0.00000000    0.00632926  0.00000000
    4    4
  0.26217579  0.00000000   -0.17961875  0.00631847    0.00000000  0.00000000
 -0.17961875 -0.00631847    0.26194006  0.00000000    0.00000000  0.00000000
  0.00000000  0.00000000    0.00000000  0.00000000    0.24833246  0.00000000
    4    5
  0.00748293 -0.01811572    0.02977187 -0.00627549    0.00000000  0.00000000
  0.02380193  0.01243089   -0.01481682  0.02832645    0.00000000  0.00000000
  0.00000000  0.00000000    0.00000000  0.00000000   -0.00835112  0.01557899
    4    6
 -0.01482711 -0.02831871    0.02381192 -0.01242992    0.00000000  0.00000000
  0.02975771  0.00627221    0.00749409  0.01810772    0.00000000  0.00000000
  0.00000000  0.00000000    0.00000000  0.00000000   -0.00835086 -0.01557923
    5    1
 -0.09690712  0.01737353   -0.04851962  0.05290145    0.00000000  0.00000000
 -0.04851962  0.05290145   -0.09690712  0.01737353    0.00000000  0.00000000
  0.00000000  0.00000000    0.00000000  0.00000000   -0.01470802 -0.00098119
    5    2
 -0.11702227 -0.00953559   -0.07513386 -0.02520334    0.00000000  0.00000000
 -0.07513386 -0.02520334   -0.11702227 -0.00953559    0.00000000  0.00000000
  0.00000000  0.00000000    0.00000000  0.00000000   -0.16901992 -0.00101934
    5    3
 -0.01481682 -0.02832645    0.02977187  0.00627549    0.00000000  0.00000000
  0.02380193 -0.01243089    0.00748293  0.01811572    0.00000000  0.00000000
  0.00000000  0.00000000    0.00000000  0.00000000   -0.00835112 -0.01557899
    5    4
  0.00748293  0.01811572    0.02380193 -0.01243089    0.00000000  0.00000000
  0.02977187  0.00627549   -0.01481682 -0.02832645    0.00000000  0.00000000
  0.00000000  0.00000000    0.00000000  0.00000000   -0.00835112 -0.01557899
    5    5
  0.27290008  0.00000000    0.19529456  0.00000000    0.00000000  0.00000000
  0.19529456  0.00000000    0.27290008  0.00000000    0.00000000  0.00000000
  0.00000000  0.00000000    0.00000000  0.00000000    0.24844688  0.00000000
    5    6
 -0.03818288  0.01946214   -0.05144485  0.03264385    0.00000000  0.00000000
 -0.05144485  0.03264385   -0.03818288  0.01946214    0.00000000  0.00000000
  0.00000000  0.00000000    0.00000000  0.00000000    0.00761447  0.00047374
    6    1
  0.06359234 -0.07524407    0.06997099 -0.01554469    0.00000000  0.00000000
  0.06997099 -0.01554469    0.06359234 -0.07524407    0.00000000  0.00000000
  0.00000000  0.00000000    0.00000000  0.00000000    0.00650454 -0.01322885
    6    2
 -0.11699483  0.00944135   -0.07516745  0.02529686    0.00000000  0.00000000
 -0.07516745  0.02529686   -0.11699483  0.00944135    0.00000000  0.00000000
  0.00000000  0.00000000    0.00000000  0.00000000   -0.16902891  0.00101933
    6    3
  0.00749409 -0.01810772    0.02381192  0.01242992    0.00000000  0.00000000
  0.02975771 -0.00627221   -0.01482711  0.02831871    0.00000000  0.00000000
  0.00000000  0.00000000    0.00000000  0.00000000   -0.00835086  0.01557923
    6    4
 -0.01482711  0.02831871    0.02975771 -0.00627221    0.00000000  0.00000000
  0.02381192  0.01242992    0.00749409 -0.01810772    0.00000000  0.00000000
  0.00000000  0.00000000    0.00000000  0.00000000   -0.00835086  0.01557923
    6    5
 -0.03818288 -0.01946214   -0.05144485 -0.03264385    0.00000000  0.00000000
 -0.05144485 -0.03264385   -0.03818288 -0.01946214    0.00000000  0.00000000
  0.00000000  0.00000000    0.00000000  0.00000000    0.00761447 -0.00047374
    6    6
  0.27314681  0.00000000    0.19528371  0.00000000    0.00000000  0.00000000
  0.19528371  0.00000000    0.27314681  0.00000000    0.00000000  0.00000000
  0.00000000  0.00000000    0.00000000  0.00000000    0.24846584  0.00000000

     Diagonalizing the dynamical matrix

     q = (    0.333333333   0.333333333   0.000000000 ) 

 **************************************************************************
     freq (    1) =       1.894104 [THz] =      63.180506 [cm-1]
 ( -0.012279 -0.323906  0.012279  0.323906 -0.000000 -0.000000 ) 
 (  0.302155  0.159485 -0.302155 -0.159485  0.000000 -0.000000 ) 
 (  0.234352  0.190359 -0.288098 -0.085296  0.000000  0.000000 ) 
 (  0.288098  0.085296 -0.234352 -0.190359  0.000000 -0.000000 ) 
 (  0.220161  0.014344 -0.220161 -0.014344  0.000000 -0.000000 ) 
 (  0.135425  0.172486 -0.135425 -0.172486  0.000000  0.000000 ) 
     freq (    2) =       2.978126 [THz] =      99.339597 [cm-1]
 (  0.000000 -0.000000  0.000000  0.000000  0.362452  0.359844 ) 
 (  0.000000  0.000000  0.000000 -0.000000 -0.419674  0.114076 ) 
 ( -0.000000 -0.000000 -0.000000 -0.000000 -0.398390  0.108292 ) 
 ( -0.000000  0.000000  0.000000  0.000000 -0.398390  0.108292 ) 
 ( -0.000000 -0.000000  0.000000  0.000000 -0.278864  0.163699 ) 
 (  0.000000  0.000000  0.000000 -0.000000 -0.323350  0.000000 ) 
     freq (    3) =       3.643331 [THz] =     121.528440 [cm-1]
 (  0.000000  0.000000  0.000000  0.000000  0.165598  0.439544 ) 
 (  0.000000  0.000000  0.000000 -0.000000  0.545586  0.089892 ) 
 ( -0.000000 -0.000000 -0.000000 -0.000000 -0.281973 -0.046458 ) 
 ( -0.000000  0.000000  0.000000  0.000000 -0.281973 -0.046458 ) 
 ( -0.000000  0.000000  0.000000  0.000000  0.373074  0.126369 ) 
 (  0.000000  0.000000  0.000000 -0.000000  0.393886  0.000000 ) 
     freq (    4) =       4.230098 [THz] =     141.100892 [cm-1]
 (  0.064644  0.386927  0.064644  0.386927 -0.000000 -0.000000 ) 
 (  0.311818  0.116838  0.311818  0.116838 -0.000000 -0.000000 ) 
 ( -0.195106 -0.085106 -0.203036 -0.063720  0.000000 -0.000000 ) 
 ( -0.203036 -0.063720 -0.195106 -0.085106  0.000000  0.000000 ) 
 (  0.178520  0.201254  0.178520  0.201254 -0.000000 -0.000000 ) 
 (  0.266600 -0.034439  0.266600 -0.034439 -0.000000  0.000000 ) 
     freq (    5) =       5.114980 [THz] =     170.617360 [cm-1]
 ( -0.056007  0.080459  0.056007 -0.080459 -0.000000  0.000000 ) 
 (  0.017694  0.036565 -0.017694 -0.036565 -0.000000  0.000000 ) 
 ( -0.323596  0.168781 -0.335682  0.142849 -0.000000 -0.000000 ) 
 (  0.335682 -0.142849  0.323596 -0.168781  0.000000 -0.000000 ) 
 ( -0.040173  0.332780  0.040173 -0.332780 -0.000000  0.000000 ) 
 (  0.280325  0.177516 -0.280325 -0.177516 -0.000000  0.000000 ) 
     freq (    6) =       5.665368 [THz] =     188.976346 [cm-1]
 (  0.149844  0.100351  0.149844  0.100351 -0.000000  0.000000 ) 
 ( -0.250001  0.122772 -0.250001  0.122772  0.000000  0.000000 ) 
 ( -0.379832  0.194168 -0.385574  0.182125  0.000000 -0.000000 ) 
 ( -0.385574  0.182125 -0.379832  0.194168 -0.000000  0.000000 ) 
 ( -0.036539  0.108213 -0.036539  0.108213 -0.000000  0.000000 ) 
 ( -0.107997 -0.037202 -0.107997 -0.037202  0.000000  0.000000 ) 
     freq (    7) =       6.538207 [THz] =     218.091112 [cm-1]
 (  0.060248 -0.008556 -0.060248  0.008556 -0.000000 -0.000000 ) 
 ( -0.005868  0.014819  0.005868 -0.014819 -0.000000 -0.000000 ) 
 ( -0.032613 -0.035474 -0.049732  0.007148 -0.000000  0.000000 ) 
 (  0.049732 -0.007148  0.032613  0.035474  0.000000  0.000000 ) 
 ( -0.300406 -0.393795  0.300406  0.393795 -0.000000  0.000000 ) 
 (  0.489807 -0.077248 -0.489807  0.077248 -0.000000  0.000000 ) 
     freq (    8) =       7.268349 [THz] =     242.446036 [cm-1]
 ( -0.067272  0.159522  0.067272 -0.159522 -0.000000  0.000000 ) 
 (  0.109732  0.145747 -0.109732 -0.145747 -0.000000 -0.000000 ) 
 (  0.324075 -0.265943  0.344109 -0.238556 -0.000000  0.000000 ) 
 ( -0.344109  0.238556 -0.324075  0.265943  0.000000 -0.000000 ) 
 ( -0.071654  0.192404  0.071654 -0.192404 -0.000000  0.000000 ) 
 (  0.207933 -0.016839 -0.207933  0.016839 -0.000000  0.000000 ) 
     freq (    9) =       9.384074 [THz] =     313.019029 [cm-1]
 ( -0.134951 -0.074101 -0.134951 -0.074101 -0.000000 -0.000000 ) 
 (  0.066979 -0.040586  0.066979 -0.040586 -0.000000  0.000000 ) 
 ( -0.372248  0.276944 -0.417500  0.201850  0.000000  0.000000 ) 
 ( -0.417500  0.201850 -0.372248  0.276944 -0.000000 -0.000000 ) 
 (  0.105079 -0.094282  0.105079 -0.094282 -0.000000 -0.000000 ) 
 (  0.132161 -0.049505  0.132161 -0.049505 -0.000000  0.000000 ) 
     freq (   10) =       9.790698 [THz] =     326.582516 [cm-1]
 ( -0.021264  0.096672  0.021264 -0.096672  0.000000 -0.000000 ) 
 (  0.112745  0.102605 -0.112745 -0.102605  0.000000 -0.000000 ) 
 ( -0.234916  0.085447 -0.061469  0.242231  0.000000 -0.000000 ) 
 (  0.061469 -0.242231  0.234916 -0.085447 -0.000000 -0.000000 ) 
 ( -0.122591 -0.394209  0.122591  0.394209 -0.000000  0.000000 ) 
 ( -0.405656 -0.083879  0.405656  0.083879  0.000000  0.000000 ) 
     freq (   11) =      13.039842 [THz] =     434.962305 [cm-1]
 (  0.000000 -0.000000 -0.000000  0.000000  0.073250 -0.034261 ) 
 (  0.000000 -0.000000  0.000000  0.000000 -0.001747  0.020483 ) 
 (  0.000000 -0.000000 -0.000000 -0.000000  0.023788 -0.275671 ) 
 (  0.000000  0.000000 -0.000000  0.000000  0.023788 -0.275671 ) 
 ( -0.000000  0.000000  0.000000 -0.000000 -0.638547 -0.111133 ) 
 (  0.000000 -0.000000 -0.000000 -0.000000  0.647939  0.000000 ) 
     freq (   12) =      13.402139 [THz] =     447.047236 [cm-1]
 ( -0.000000  0.000000  0.000000 -0.000000  0.000000  0.000000 ) 
 ( -0.000000  0.000000  0.000000 -0.000000 -0.000000  0.000000 ) 
 (  0.000000 -0.000000 -0.000000  0.000000 -0.309335 -0.635855 ) 
 (  0.000000  0.000000 -0.000000 -0.000000  0.309335  0.635855 ) 
 (  0.000000 -0.000000 -0.000000 -0.000000 -0.000000  0.000000 ) 
 ( -0.000000 -0.000000  0.000000  0.000000  0.000000  0.000000 ) 
     freq (   13) =      14.424536 [THz] =     481.150743 [cm-1]
 ( -0.000000  0.000000  0.000000  0.000000  0.008144  0.054159 ) 
 ( -0.000000 -0.000000  0.000000 -0.000000 -0.110113 -0.043329 ) 
 ( -0.000000  0.000000  0.000000  0.000000  0.300643  0.118146 ) 
 ( -0.000000  0.000000 -0.000000 -0.000000  0.300643  0.118146 ) 
 ( -0.000000  0.000000 -0.000000  0.000000  0.455287  0.424053 ) 
 ( -0.000000  0.000000 -0.000000  0.000000  0.622255  0.000000 ) 
     freq (   14) =      15.128772 [THz] =     504.641508 [cm-1]
 (  0.000000 -0.000000  0.000000 -0.000000 -0.083622 -0.045110 ) 
 ( -0.000000  0.000000 -0.000000  0.000000 -0.050783  0.031287 ) 
 (  0.000000  0.000000  0.000000 -0.000000 -0.459961  0.283595 ) 
 ( -0.000000 -0.000000  0.000000  0.000000 -0.459961  0.283595 ) 
 (  0.000000 -0.000000  0.000000  0.000000  0.201780 -0.401133 ) 
 (  0.000000 -0.000000  0.000000 -0.000000  0.449234  0.000000 ) 
     freq (   15) =      16.551156 [THz] =     552.087130 [cm-1]
 ( -0.025900 -0.066531  0.025900  0.066531 -0.000000 -0.000000 ) 
 (  0.026775  0.004046 -0.026775 -0.004046  0.000000 -0.000000 ) 
 ( -0.475033 -0.086282  0.479557  0.059591 -0.000000 -0.000000 ) 
 ( -0.479557 -0.059591  0.475033  0.086282  0.000000  0.000000 ) 
 (  0.115335  0.021344 -0.115335 -0.021344 -0.000000 -0.000000 ) 
 (  0.116556  0.014137 -0.116556 -0.014137 -0.000000  0.000000 ) 
     freq (   16) =      16.691682 [THz] =     556.774591 [cm-1]
 (  0.004926  0.006019  0.004926  0.006019 -0.000000  0.000000 ) 
 (  0.067599 -0.010795  0.067599 -0.010795  0.000000  0.000000 ) 
 ( -0.131117 -0.162462 -0.073738  0.195359 -0.000000 -0.000000 ) 
 ( -0.073738  0.195359 -0.131117 -0.162462 -0.000000  0.000000 ) 
 ( -0.445247 -0.077556 -0.445247 -0.077556  0.000000 -0.000000 ) 
 ( -0.398380  0.212365 -0.398380  0.212365  0.000000  0.000000 ) 
     freq (   17) =      20.696466 [THz] =     690.359782 [cm-1]
 ( -0.015734  0.001930 -0.015734  0.001930  0.000000 -0.000000 ) 
 (  0.013469 -0.031984  0.013469 -0.031984 -0.000000  0.000000 ) 
 (  0.317672  0.141899 -0.324238 -0.126792  0.000000  0.000000 ) 
 ( -0.324238 -0.126792  0.317672  0.141899 -0.000000 -0.000000 ) 
 (  0.172060  0.314073  0.172060  0.314073  0.000000 -0.000000 ) 
 ( -0.344727  0.095935 -0.344727  0.095935 -0.000000  0.000000 ) 
     freq (   18) =      21.059366 [THz] =     702.464825 [cm-1]
 ( -0.021882  0.032292 -0.021882  0.032292  0.000000  0.000000 ) 
 ( -0.001371 -0.002946 -0.001371 -0.002946  0.000000  0.000000 ) 
 ( -0.284782  0.139982  0.285864 -0.137944 -0.000000  0.000000 ) 
 (  0.285864 -0.137944 -0.284782  0.139982  0.000000 -0.000000 ) 
 (  0.345671 -0.169368  0.345671 -0.169368 -0.000000 -0.000000 ) 
 ( -0.347964  0.166651 -0.347964  0.166651 -0.000000  0.000000 ) 
 **************************************************************************
