Dynamical matrix file
Phonon dispersions for SnO2                                                
  2    6  6  9.1370330  1.0000000  0.6715977  0.0000000  0.0000000  0.0000000
           1  'Sn  '    108197.545983522     
           2  'O   '    14582.1964298742     
    1    1     -0.0003319700     -0.0003319700      0.0000000000
    2    1      0.4996674800      0.4996674800      0.3357988685
    3    2      0.8063691980      0.1929617810      0.3357988685
    4    2      0.1929617810      0.8063691980      0.3357988685
    5    2      0.3063704630      0.3063704630      0.0000000000
    6    2      0.6929630480      0.6929630480      0.0000000000

     Dynamical  Matrix in cartesian axes

     q = (    0.250000000   0.250000000   0.372246638 ) 

    1    1
  0.39128881  0.00000000    0.05067209  0.00000000    0.04041179 -0.00000982
  0.05067209  0.00000000    0.39128881  0.00000000    0.04041179 -0.00000982
  0.04041179  0.00000982    0.04041179  0.00000982    0.62477027  0.00000000
    1    2
  0.03149210  0.03150470   -0.05370599 -0.05367809   -0.08382648 -0.08382061
 -0.05370599 -0.05367809    0.03149210  0.03150470   -0.08382648 -0.08382061
 -0.03775233 -0.03773870   -0.03775233 -0.03773870   -0.03914141 -0.03911648
    1    3
  0.06228830  0.03964212   -0.03635173 -0.02013771    0.04506109 -0.01314806
 -0.02001869 -0.03631936    0.03958203  0.06233676   -0.01323967  0.04496106
  0.04069337 -0.02588821   -0.02598680  0.04062227    0.11100550  0.11095832
    1    4
  0.03958203  0.06233676   -0.02001869 -0.03631936   -0.01323967  0.04496106
 -0.03635173 -0.02013771    0.06228830  0.03964212    0.04506109 -0.01314806
 -0.02598680  0.04062227    0.04069337 -0.02588821    0.11100550  0.11095832
    1    5
 -0.08560059 -0.00243904   -0.07107114  0.02078412   -0.00525479  0.02392802
 -0.07107114  0.02078412   -0.08560059 -0.00243904   -0.00525479  0.02392802
 -0.02171984  0.03653152   -0.02171984  0.03653152   -0.04259253  0.04026514
    1    6
  0.08559624 -0.00243674    0.07105476  0.02077964    0.00525656  0.02392453
  0.07105476  0.02077964    0.08559624 -0.00243674    0.00525656  0.02392453
  0.02172622  0.03652692    0.02172622  0.03652692    0.04257100  0.04026402
    2    1
  0.03149210 -0.03150470   -0.05370599  0.05367809   -0.03775233  0.03773870
 -0.05370599  0.05367809    0.03149210 -0.03150470   -0.03775233  0.03773870
 -0.08382648  0.08382061   -0.08382648  0.08382061   -0.03914141  0.03911648
    2    2
  0.37007850  0.00000000   -0.01455935  0.00000000    0.01574604 -0.00000918
 -0.01455935  0.00000000    0.37007850  0.00000000    0.01574604 -0.00000918
  0.01574604  0.00000918    0.01574604  0.00000918    0.61641931  0.00000000
    2    3
 -0.05555884 -0.01256187    0.03764491  0.00337136   -0.02000476  0.01222592
  0.03744144 -0.00349531   -0.05556421  0.01267814   -0.02000185 -0.01222914
 -0.01906212  0.01895441   -0.01904373 -0.01898609   -0.04249755  0.00003626
    2    4
 -0.05556421  0.01267814    0.03744144 -0.00349531   -0.02000185 -0.01222914
  0.03764491  0.00337136   -0.05555884 -0.01256187   -0.02000476  0.01222592
 -0.01904373 -0.01898609   -0.01906212  0.01895441   -0.04249755  0.00003626
    2    5
 -0.05337368 -0.05101916   -0.03079196 -0.04391102   -0.03050001  0.01927781
 -0.03079196 -0.04391102   -0.05337368 -0.05101916   -0.03050001  0.01927781
 -0.03450090  0.02021408   -0.03450090  0.02021408   -0.10176196 -0.11505022
    2    6
 -0.05101762 -0.05337958   -0.04391671 -0.03079383    0.01928945 -0.03050234
 -0.04391671 -0.03079383   -0.05101762 -0.05337958    0.01928945 -0.03050234
  0.02021379 -0.03450996    0.02021379 -0.03450996   -0.11507715 -0.10177142
    3    1
  0.06228830 -0.03964212   -0.02001869  0.03631936    0.04069337  0.02588821
 -0.03635173  0.02013771    0.03958203 -0.06233676   -0.02598680 -0.04062227
  0.04506109  0.01314806   -0.01323967 -0.04496106    0.11100550 -0.11095832
    3    2
 -0.05555884  0.01256187    0.03744144  0.00349531   -0.01906212 -0.01895441
  0.03764491 -0.00337136   -0.05556421 -0.01267814   -0.01904373  0.01898609
 -0.02000476 -0.01222592   -0.02000185  0.01222914   -0.04249755 -0.00003626
    3    3
  0.24518898  0.00000000   -0.17271899  0.00084625    0.00562856  0.00157009
 -0.17271899 -0.00084625    0.24572675  0.00000000    0.00546152 -0.00168623
  0.00562856 -0.00157009    0.00546152  0.00168623    0.30464330  0.00000000
    3    4
 -0.04331313  0.00477497    0.05207618  0.00000000    0.00486375 -0.00261166
  0.05192161  0.00000000   -0.04331313 -0.00477497    0.00490838  0.00275979
  0.00490838 -0.00275979    0.00486375  0.00261166    0.01851565  0.00000000
    3    5
  0.00128940 -0.03603421    0.01594582 -0.00303305    0.00087039  0.03849623
  0.00914372  0.01273379   -0.00505067  0.01152232    0.00813228 -0.00263863
  0.00768147  0.04663515    0.01534265  0.01580098    0.00179933 -0.00542270
    3    6
  0.01150807 -0.00501837    0.01273504  0.00913872   -0.00270039  0.00813811
 -0.00298649  0.01597158   -0.03605588  0.00128003    0.03854671  0.00088686
  0.01580462  0.01536344    0.04664083  0.00762433   -0.00543946  0.00180519
    4    1
  0.03958203 -0.06233676   -0.03635173  0.02013771   -0.02598680 -0.04062227
 -0.02001869  0.03631936    0.06228830 -0.03964212    0.04069337  0.02588821
 -0.01323967 -0.04496106    0.04506109  0.01314806    0.11100550 -0.11095832
    4    2
 -0.05556421 -0.01267814    0.03764491 -0.00337136   -0.01904373  0.01898609
  0.03744144  0.00349531   -0.05555884  0.01256187   -0.01906212 -0.01895441
 -0.02000185  0.01222914   -0.02000476 -0.01222592   -0.04249755 -0.00003626
    4    3
 -0.04331313 -0.00477497    0.05192161  0.00000000    0.00490838  0.00275979
  0.05207618  0.00000000   -0.04331313  0.00477497    0.00486375 -0.00261166
  0.00486375  0.00261166    0.00490838 -0.00275979    0.01851565  0.00000000
    4    4
  0.24572675  0.00000000   -0.17271899 -0.00084625    0.00546152 -0.00168623
 -0.17271899  0.00084625    0.24518898  0.00000000    0.00562856  0.00157009
  0.00546152  0.00168623    0.00562856 -0.00157009    0.30464330  0.00000000
    4    5
 -0.00505067  0.01152232    0.00914372  0.01273379    0.00813228 -0.00263863
  0.01594582 -0.00303305    0.00128940 -0.03603421    0.00087039  0.03849623
  0.01534265  0.01580098    0.00768147  0.04663515    0.00179933 -0.00542270
    4    6
 -0.03605588  0.00128003   -0.00298649  0.01597158    0.03854671  0.00088686
  0.01273504  0.00913872    0.01150807 -0.00501837   -0.00270039  0.00813811
  0.04664083  0.00762433    0.01580462  0.01536344   -0.00543946  0.00180519
    5    1
 -0.08560059  0.00243904   -0.07107114 -0.02078412   -0.02171984 -0.03653152
 -0.07107114 -0.02078412   -0.08560059  0.00243904   -0.02171984 -0.03653152
 -0.00525479 -0.02392802   -0.00525479 -0.02392802   -0.04259253 -0.04026514
    5    2
 -0.05337368  0.05101916   -0.03079196  0.04391102   -0.03450090 -0.02021408
 -0.03079196  0.04391102   -0.05337368  0.05101916   -0.03450090 -0.02021408
 -0.03050001 -0.01927781   -0.03050001 -0.01927781   -0.10176196  0.11505022
    5    3
  0.00128940  0.03603421    0.00914372 -0.01273379    0.00768147 -0.04663515
  0.01594582  0.00303305   -0.00505067 -0.01152232    0.01534265 -0.01580098
  0.00087039 -0.03849623    0.00813228  0.00263863    0.00179933  0.00542270
    5    4
 -0.00505067 -0.01152232    0.01594582  0.00303305    0.01534265 -0.01580098
  0.00914372 -0.01273379    0.00128940  0.03603421    0.00768147 -0.04663515
  0.00813228  0.00263863    0.00087039 -0.03849623    0.00179933  0.00542270
    5    5
  0.25031074  0.00000000    0.17955241  0.00000000    0.01303810  0.00185960
  0.17955241  0.00000000    0.25031074  0.00000000    0.01303810  0.00185960
  0.01303810 -0.00185960    0.01303810 -0.00185960    0.30842477  0.00000000
    5    6
 -0.03644312 -0.00119455   -0.04261957 -0.01169980    0.00522040 -0.01390887
 -0.04261957 -0.01169980   -0.03644312 -0.00119455    0.00522040 -0.01390887
  0.00521910 -0.01391473    0.00521910 -0.01391473    0.01479171 -0.01154277
    6    1
  0.08559624  0.00243674    0.07105476 -0.02077964    0.02172622 -0.03652692
  0.07105476 -0.02077964    0.08559624  0.00243674    0.02172622 -0.03652692
  0.00525656 -0.02392453    0.00525656 -0.02392453    0.04257100 -0.04026402
    6    2
 -0.05101762  0.05337958   -0.04391671  0.03079383    0.02021379  0.03450996
 -0.04391671  0.03079383   -0.05101762  0.05337958    0.02021379  0.03450996
  0.01928945  0.03050234    0.01928945  0.03050234   -0.11507715  0.10177142
    6    3
  0.01150807  0.00501837   -0.00298649 -0.01597158    0.01580462 -0.01536344
  0.01273504 -0.00913872   -0.03605588 -0.00128003    0.04664083 -0.00762433
 -0.00270039 -0.00813811    0.03854671 -0.00088686   -0.00543946 -0.00180519
    6    4
 -0.03605588 -0.00128003    0.01273504 -0.00913872    0.04664083 -0.00762433
 -0.00298649 -0.01597158    0.01150807  0.00501837    0.01580462 -0.01536344
  0.03854671 -0.00088686   -0.00270039 -0.00813811   -0.00543946 -0.00180519
    6    5
 -0.03644312  0.00119455   -0.04261957  0.01169980    0.00521910  0.01391473
 -0.04261957  0.01169980   -0.03644312  0.00119455    0.00521910  0.01391473
  0.00522040  0.01390887    0.00522040  0.01390887    0.01479171  0.01154277
    6    6
  0.25056043  0.00000000    0.17954640  0.00000000    0.01302953 -0.00187246
  0.17954640  0.00000000    0.25056043  0.00000000    0.01302953 -0.00187246
  0.01302953  0.00187246    0.01302953  0.00187246    0.30846387  0.00000000

     Dynamical  Matrix in cartesian axes

     q = (   -0.250000000  -0.250000000  -0.372246638 ) 

    1    1
  0.39128881  0.00000000    0.05067209  0.00000000    0.04041179  0.00000982
  0.05067209  0.00000000    0.39128881  0.00000000    0.04041179  0.00000982
  0.04041179 -0.00000982    0.04041179 -0.00000982    0.62477027  0.00000000
    1    2
  0.03149210 -0.03150470   -0.05370599  0.05367809   -0.08382648  0.08382061
 -0.05370599  0.05367809    0.03149210 -0.03150470   -0.08382648  0.08382061
 -0.03775233  0.03773870   -0.03775233  0.03773870   -0.03914141  0.03911648
    1    3
  0.06228830 -0.03964212   -0.03635173  0.02013771    0.04506109  0.01314806
 -0.02001869  0.03631936    0.03958203 -0.06233676   -0.01323967 -0.04496106
  0.04069337  0.02588821   -0.02598680 -0.04062227    0.11100550 -0.11095832
    1    4
  0.03958203 -0.06233676   -0.02001869  0.03631936   -0.01323967 -0.04496106
 -0.03635173  0.02013771    0.06228830 -0.03964212    0.04506109  0.01314806
 -0.02598680 -0.04062227    0.04069337  0.02588821    0.11100550 -0.11095832
    1    5
 -0.08560059  0.00243904   -0.07107114 -0.02078412   -0.00525479 -0.02392802
 -0.07107114 -0.02078412   -0.08560059  0.00243904   -0.00525479 -0.02392802
 -0.02171984 -0.03653152   -0.02171984 -0.03653152   -0.04259253 -0.04026514
    1    6
  0.08559624  0.00243674    0.07105476 -0.02077964    0.00525656 -0.02392453
  0.07105476 -0.02077964    0.08559624  0.00243674    0.00525656 -0.02392453
  0.02172622 -0.03652692    0.02172622 -0.03652692    0.04257100 -0.04026402
    2    1
  0.03149210  0.03150470   -0.05370599 -0.05367809   -0.03775233 -0.03773870
 -0.05370599 -0.05367809    0.03149210  0.03150470   -0.03775233 -0.03773870
 -0.08382648 -0.08382061   -0.08382648 -0.08382061   -0.03914141 -0.03911648
    2    2
  0.37007850  0.00000000   -0.01455935  0.00000000    0.01574604  0.00000918
 -0.01455935  0.00000000    0.37007850  0.00000000    0.01574604  0.00000918
  0.01574604 -0.00000918    0.01574604 -0.00000918    0.61641931  0.00000000
    2    3
 -0.05555884  0.01256187    0.03764491 -0.00337136   -0.02000476 -0.01222592
  0.03744144  0.00349531   -0.05556421 -0.01267814   -0.02000185  0.01222914
 -0.01906212 -0.01895441   -0.01904373  0.01898609   -0.04249755 -0.00003626
    2    4
 -0.05556421 -0.01267814    0.03744144  0.00349531   -0.02000185  0.01222914
  0.03764491 -0.00337136   -0.05555884  0.01256187   -0.02000476 -0.01222592
 -0.01904373  0.01898609   -0.01906212 -0.01895441   -0.04249755 -0.00003626
    2    5
 -0.05337368  0.05101916   -0.03079196  0.04391102   -0.03050001 -0.01927781
 -0.03079196  0.04391102   -0.05337368  0.05101916   -0.03050001 -0.01927781
 -0.03450090 -0.02021408   -0.03450090 -0.02021408   -0.10176196  0.11505022
    2    6
 -0.05101762  0.05337958   -0.04391671  0.03079383    0.01928945  0.03050234
 -0.04391671  0.03079383   -0.05101762  0.05337958    0.01928945  0.03050234
  0.02021379  0.03450996    0.02021379  0.03450996   -0.11507715  0.10177142
    3    1
  0.06228830  0.03964212   -0.02001869 -0.03631936    0.04069337 -0.02588821
 -0.03635173 -0.02013771    0.03958203  0.06233676   -0.02598680  0.04062227
  0.04506109 -0.01314806   -0.01323967  0.04496106    0.11100550  0.11095832
    3    2
 -0.05555884 -0.01256187    0.03744144 -0.00349531   -0.01906212  0.01895441
  0.03764491  0.00337136   -0.05556421  0.01267814   -0.01904373 -0.01898609
 -0.02000476  0.01222592   -0.02000185 -0.01222914   -0.04249755  0.00003626
    3    3
  0.24518898  0.00000000   -0.17271899 -0.00084625    0.00562856 -0.00157009
 -0.17271899  0.00084625    0.24572675  0.00000000    0.00546152  0.00168623
  0.00562856  0.00157009    0.00546152 -0.00168623    0.30464330  0.00000000
    3    4
 -0.04331313 -0.00477497    0.05207618  0.00000000    0.00486375  0.00261166
  0.05192161  0.00000000   -0.04331313  0.00477497    0.00490838 -0.00275979
  0.00490838  0.00275979    0.00486375 -0.00261166    0.01851565  0.00000000
    3    5
  0.00128940  0.03603421    0.01594582  0.00303305    0.00087039 -0.03849623
  0.00914372 -0.01273379   -0.00505067 -0.01152232    0.00813228  0.00263863
  0.00768147 -0.04663515    0.01534265 -0.01580098    0.00179933  0.00542270
    3    6
  0.01150807  0.00501837    0.01273504 -0.00913872   -0.00270039 -0.00813811
 -0.00298649 -0.01597158   -0.03605588 -0.00128003    0.03854671 -0.00088686
  0.01580462 -0.01536344    0.04664083 -0.00762433   -0.00543946 -0.00180519
    4    1
  0.03958203  0.06233676   -0.03635173 -0.02013771   -0.02598680  0.04062227
 -0.02001869 -0.03631936    0.06228830  0.03964212    0.04069337 -0.02588821
 -0.01323967  0.04496106    0.04506109 -0.01314806    0.11100550  0.11095832
    4    2
 -0.05556421  0.01267814    0.03764491  0.00337136   -0.01904373 -0.01898609
  0.03744144 -0.00349531   -0.05555884 -0.01256187   -0.01906212  0.01895441
 -0.02000185 -0.01222914   -0.02000476  0.01222592   -0.04249755  0.00003626
    4    3
 -0.04331313  0.00477497    0.05192161  0.00000000    0.00490838 -0.00275979
  0.05207618  0.00000000   -0.04331313 -0.00477497    0.00486375  0.00261166
  0.00486375 -0.00261166    0.00490838  0.00275979    0.01851565  0.00000000
    4    4
  0.24572675  0.00000000   -0.17271899  0.00084625    0.00546152  0.00168623
 -0.17271899 -0.00084625    0.24518898  0.00000000    0.00562856 -0.00157009
  0.00546152 -0.00168623    0.00562856  0.00157009    0.30464330  0.00000000
    4    5
 -0.00505067 -0.01152232    0.00914372 -0.01273379    0.00813228  0.00263863
  0.01594582  0.00303305    0.00128940  0.03603421    0.00087039 -0.03849623
  0.01534265 -0.01580098    0.00768147 -0.04663515    0.00179933  0.00542270
    4    6
 -0.03605588 -0.00128003   -0.00298649 -0.01597158    0.03854671 -0.00088686
  0.01273504 -0.00913872    0.01150807  0.00501837   -0.00270039 -0.00813811
  0.04664083 -0.00762433    0.01580462 -0.01536344   -0.00543946 -0.00180519
    5    1
 -0.08560059 -0.00243904   -0.07107114  0.02078412   -0.02171984  0.03653152
 -0.07107114  0.02078412   -0.08560059 -0.00243904   -0.02171984  0.03653152
 -0.00525479  0.02392802   -0.00525479  0.02392802   -0.04259253  0.04026514
    5    2
 -0.05337368 -0.05101916   -0.03079196 -0.04391102   -0.03450090  0.02021408
 -0.03079196 -0.04391102   -0.05337368 -0.05101916   -0.03450090  0.02021408
 -0.03050001  0.01927781   -0.03050001  0.01927781   -0.10176196 -0.11505022
    5    3
  0.00128940 -0.03603421    0.00914372  0.01273379    0.00768147  0.04663515
  0.01594582 -0.00303305   -0.00505067  0.01152232    0.01534265  0.01580098
  0.00087039  0.03849623    0.00813228 -0.00263863    0.00179933 -0.00542270
    5    4
 -0.00505067  0.01152232    0.01594582 -0.00303305    0.01534265  0.01580098
  0.00914372  0.01273379    0.00128940 -0.03603421    0.00768147  0.04663515
  0.00813228 -0.00263863    0.00087039  0.03849623    0.00179933 -0.00542270
    5    5
  0.25031074  0.00000000    0.17955241  0.00000000    0.01303810 -0.00185960
  0.17955241  0.00000000    0.25031074  0.00000000    0.01303810 -0.00185960
  0.01303810  0.00185960    0.01303810  0.00185960    0.30842477  0.00000000
    5    6
 -0.03644312  0.00119455   -0.04261957  0.01169980    0.00522040  0.01390887
 -0.04261957  0.01169980   -0.03644312  0.00119455    0.00522040  0.01390887
  0.00521910  0.01391473    0.00521910  0.01391473    0.01479171  0.01154277
    6    1
  0.08559624 -0.00243674    0.07105476  0.02077964    0.02172622  0.03652692
  0.07105476  0.02077964    0.08559624 -0.00243674    0.02172622  0.03652692
  0.00525656  0.02392453    0.00525656  0.02392453    0.04257100  0.04026402
    6    2
 -0.05101762 -0.05337958   -0.04391671 -0.03079383    0.02021379 -0.03450996
 -0.04391671 -0.03079383   -0.05101762 -0.05337958    0.02021379 -0.03450996
  0.01928945 -0.03050234    0.01928945 -0.03050234   -0.11507715 -0.10177142
    6    3
  0.01150807 -0.00501837   -0.00298649  0.01597158    0.01580462  0.01536344
  0.01273504  0.00913872   -0.03605588  0.00128003    0.04664083  0.00762433
 -0.00270039  0.00813811    0.03854671  0.00088686   -0.00543946  0.00180519
    6    4
 -0.03605588  0.00128003    0.01273504  0.00913872    0.04664083  0.00762433
 -0.00298649  0.01597158    0.01150807 -0.00501837    0.01580462  0.01536344
  0.03854671  0.00088686   -0.00270039  0.00813811   -0.00543946  0.00180519
    6    5
 -0.03644312 -0.00119455   -0.04261957 -0.01169980    0.00521910 -0.01391473
 -0.04261957 -0.01169980   -0.03644312 -0.00119455    0.00521910 -0.01391473
  0.00522040 -0.01390887    0.00522040 -0.01390887    0.01479171 -0.01154277
    6    6
  0.25056043  0.00000000    0.17954640  0.00000000    0.01302953  0.00187246
  0.17954640  0.00000000    0.25056043  0.00000000    0.01302953  0.00187246
  0.01302953 -0.00187246    0.01302953 -0.00187246    0.30846387  0.00000000

     Dynamical  Matrix in cartesian axes

     q = (    0.250000000   0.250000000  -0.372246638 ) 

    1    1
  0.39128881  0.00000000    0.05067209  0.00000000   -0.04041179  0.00000982
  0.05067209  0.00000000    0.39128881  0.00000000   -0.04041179  0.00000982
 -0.04041179 -0.00000982   -0.04041179 -0.00000982    0.62477027  0.00000000
    1    2
 -0.03150470  0.03149210    0.05367809 -0.05370599   -0.08382061  0.08382648
  0.05367809 -0.05370599   -0.03150470  0.03149210   -0.08382061  0.08382648
 -0.03773870  0.03775233   -0.03773870  0.03775233    0.03911648 -0.03914141
    1    3
 -0.03964212  0.06228830    0.02013771 -0.03635173   -0.01314806 -0.04506109
  0.03631936 -0.02001869   -0.06233676  0.03958203    0.04496106  0.01323967
 -0.02588821 -0.04069337    0.04062227  0.02598680   -0.11095832  0.11100550
    1    4
 -0.06233676  0.03958203    0.03631936 -0.02001869    0.04496106  0.01323967
  0.02013771 -0.03635173   -0.03964212  0.06228830   -0.01314806 -0.04506109
  0.04062227  0.02598680   -0.02588821 -0.04069337   -0.11095832  0.11100550
    1    5
 -0.08560059 -0.00243904   -0.07107114  0.02078412    0.00525479 -0.02392802
 -0.07107114  0.02078412   -0.08560059 -0.00243904    0.00525479 -0.02392802
  0.02171984 -0.03653152    0.02171984 -0.03653152   -0.04259253  0.04026514
    1    6
  0.08559624 -0.00243674    0.07105476  0.02077964   -0.00525656 -0.02392453
  0.07105476  0.02077964    0.08559624 -0.00243674   -0.00525656 -0.02392453
 -0.02172622 -0.03652692   -0.02172622 -0.03652692    0.04257100  0.04026402
    2    1
 -0.03150470 -0.03149210    0.05367809  0.05370599   -0.03773870 -0.03775233
  0.05367809  0.05370599   -0.03150470 -0.03149210   -0.03773870 -0.03775233
 -0.08382061 -0.08382648   -0.08382061 -0.08382648    0.03911648  0.03914141
    2    2
  0.37007850  0.00000000   -0.01455935  0.00000000   -0.01574604  0.00000918
 -0.01455935  0.00000000    0.37007850  0.00000000   -0.01574604  0.00000918
 -0.01574604 -0.00000918   -0.01574604 -0.00000918    0.61641931  0.00000000
    2    3
 -0.05555884 -0.01256187    0.03764491  0.00337136    0.02000476 -0.01222592
  0.03744144 -0.00349531   -0.05556421  0.01267814    0.02000185  0.01222914
  0.01906212 -0.01895441    0.01904373  0.01898609   -0.04249755  0.00003626
    2    4
 -0.05556421  0.01267814    0.03744144 -0.00349531    0.02000185  0.01222914
  0.03764491  0.00337136   -0.05555884 -0.01256187    0.02000476 -0.01222592
  0.01904373  0.01898609    0.01906212 -0.01895441   -0.04249755  0.00003626
    2    5
 -0.05101916  0.05337368   -0.04391102  0.03079196   -0.01927781 -0.03050001
 -0.04391102  0.03079196   -0.05101916  0.05337368   -0.01927781 -0.03050001
 -0.02021408 -0.03450090   -0.02021408 -0.03450090   -0.11505022  0.10176196
    2    6
 -0.05337958  0.05101762   -0.03079383  0.04391671    0.03050234  0.01928945
 -0.03079383  0.04391671   -0.05337958  0.05101762    0.03050234  0.01928945
  0.03450996  0.02021379    0.03450996  0.02021379   -0.10177142  0.11507715
    3    1
 -0.03964212 -0.06228830    0.03631936  0.02001869   -0.02588821  0.04069337
  0.02013771  0.03635173   -0.06233676 -0.03958203    0.04062227 -0.02598680
 -0.01314806  0.04506109    0.04496106 -0.01323967   -0.11095832 -0.11100550
    3    2
 -0.05555884  0.01256187    0.03744144  0.00349531    0.01906212  0.01895441
  0.03764491 -0.00337136   -0.05556421 -0.01267814    0.01904373 -0.01898609
  0.02000476  0.01222592    0.02000185 -0.01222914   -0.04249755 -0.00003626
    3    3
  0.24518898  0.00000000   -0.17271899  0.00084625   -0.00562856 -0.00157009
 -0.17271899 -0.00084625    0.24572675  0.00000000   -0.00546152  0.00168623
 -0.00562856  0.00157009   -0.00546152 -0.00168623    0.30464330  0.00000000
    3    4
 -0.04331313  0.00477497    0.05207618  0.00000000   -0.00486375  0.00261166
  0.05192161  0.00000000   -0.04331313 -0.00477497   -0.00490838 -0.00275979
 -0.00490838  0.00275979   -0.00486375 -0.00261166    0.01851565  0.00000000
    3    5
 -0.03603421 -0.00128940   -0.00303305 -0.01594582   -0.03849623  0.00087039
  0.01273379 -0.00914372    0.01152232  0.00505067    0.00263863  0.00813228
 -0.04663515  0.00768147   -0.01580098  0.01534265   -0.00542270 -0.00179933
    3    6
 -0.00501837 -0.01150807    0.00913872 -0.01273504   -0.00813811 -0.00270039
  0.01597158  0.00298649    0.00128003  0.03605588   -0.00088686  0.03854671
 -0.01536344  0.01580462   -0.00762433  0.04664083    0.00180519  0.00543946
    4    1
 -0.06233676 -0.03958203    0.02013771  0.03635173    0.04062227 -0.02598680
  0.03631936  0.02001869   -0.03964212 -0.06228830   -0.02588821  0.04069337
  0.04496106 -0.01323967   -0.01314806  0.04506109   -0.11095832 -0.11100550
    4    2
 -0.05556421 -0.01267814    0.03764491 -0.00337136    0.01904373 -0.01898609
  0.03744144  0.00349531   -0.05555884  0.01256187    0.01906212  0.01895441
  0.02000185 -0.01222914    0.02000476  0.01222592   -0.04249755 -0.00003626
    4    3
 -0.04331313 -0.00477497    0.05192161  0.00000000   -0.00490838 -0.00275979
  0.05207618  0.00000000   -0.04331313  0.00477497   -0.00486375  0.00261166
 -0.00486375 -0.00261166   -0.00490838  0.00275979    0.01851565  0.00000000
    4    4
  0.24572675  0.00000000   -0.17271899 -0.00084625   -0.00546152  0.00168623
 -0.17271899  0.00084625    0.24518898  0.00000000   -0.00562856 -0.00157009
 -0.00546152 -0.00168623   -0.00562856  0.00157009    0.30464330  0.00000000
    4    5
  0.01152232  0.00505067    0.01273379 -0.00914372    0.00263863  0.00813228
 -0.00303305 -0.01594582   -0.03603421 -0.00128940   -0.03849623  0.00087039
 -0.01580098  0.01534265   -0.04663515  0.00768147   -0.00542270 -0.00179933
    4    6
  0.00128003  0.03605588    0.01597158  0.00298649   -0.00088686  0.03854671
  0.00913872 -0.01273504   -0.00501837 -0.01150807   -0.00813811 -0.00270039
 -0.00762433  0.04664083   -0.01536344  0.01580462    0.00180519  0.00543946
    5    1
 -0.08560059  0.00243904   -0.07107114 -0.02078412    0.02171984  0.03653152
 -0.07107114 -0.02078412   -0.08560059  0.00243904    0.02171984  0.03653152
  0.00525479  0.02392802    0.00525479  0.02392802   -0.04259253 -0.04026514
    5    2
 -0.05101916 -0.05337368   -0.04391102 -0.03079196   -0.02021408  0.03450090
 -0.04391102 -0.03079196   -0.05101916 -0.05337368   -0.02021408  0.03450090
 -0.01927781  0.03050001   -0.01927781  0.03050001   -0.11505022 -0.10176196
    5    3
 -0.03603421  0.00128940    0.01273379  0.00914372   -0.04663515 -0.00768147
 -0.00303305  0.01594582    0.01152232 -0.00505067   -0.01580098 -0.01534265
 -0.03849623 -0.00087039    0.00263863 -0.00813228   -0.00542270  0.00179933
    5    4
  0.01152232 -0.00505067   -0.00303305  0.01594582   -0.01580098 -0.01534265
  0.01273379  0.00914372   -0.03603421  0.00128940   -0.04663515 -0.00768147
  0.00263863 -0.00813228   -0.03849623 -0.00087039   -0.00542270  0.00179933
    5    5
  0.25031074  0.00000000    0.17955241  0.00000000   -0.01303810 -0.00185960
  0.17955241  0.00000000    0.25031074  0.00000000   -0.01303810 -0.00185960
 -0.01303810  0.00185960   -0.01303810  0.00185960    0.30842477  0.00000000
    5    6
 -0.03644312 -0.00119455   -0.04261957 -0.01169980   -0.00522040  0.01390887
 -0.04261957 -0.01169980   -0.03644312 -0.00119455   -0.00522040  0.01390887
 -0.00521910  0.01391473   -0.00521910  0.01391473    0.01479171 -0.01154277
    6    1
  0.08559624  0.00243674    0.07105476 -0.02077964   -0.02172622  0.03652692
  0.07105476 -0.02077964    0.08559624  0.00243674   -0.02172622  0.03652692
 -0.00525656  0.02392453   -0.00525656  0.02392453    0.04257100 -0.04026402
    6    2
 -0.05337958 -0.05101762   -0.03079383 -0.04391671    0.03450996 -0.02021379
 -0.03079383 -0.04391671   -0.05337958 -0.05101762    0.03450996 -0.02021379
  0.03050234 -0.01928945    0.03050234 -0.01928945   -0.10177142 -0.11507715
    6    3
 -0.00501837  0.01150807    0.01597158 -0.00298649   -0.01536344 -0.01580462
  0.00913872  0.01273504    0.00128003 -0.03605588   -0.00762433 -0.04664083
 -0.00813811  0.00270039   -0.00088686 -0.03854671    0.00180519 -0.00543946
    6    4
  0.00128003 -0.03605588    0.00913872  0.01273504   -0.00762433 -0.04664083
  0.01597158 -0.00298649   -0.00501837  0.01150807   -0.01536344 -0.01580462
 -0.00088686 -0.03854671   -0.00813811  0.00270039    0.00180519 -0.00543946
    6    5
 -0.03644312  0.00119455   -0.04261957  0.01169980   -0.00521910 -0.01391473
 -0.04261957  0.01169980   -0.03644312  0.00119455   -0.00521910 -0.01391473
 -0.00522040 -0.01390887   -0.00522040 -0.01390887    0.01479171  0.01154277
    6    6
  0.25056043  0.00000000    0.17954640  0.00000000   -0.01302953  0.00187246
  0.17954640  0.00000000    0.25056043  0.00000000   -0.01302953  0.00187246
 -0.01302953 -0.00187246   -0.01302953 -0.00187246    0.30846387  0.00000000

     Dynamical  Matrix in cartesian axes

     q = (   -0.250000000  -0.250000000   0.372246638 ) 

    1    1
  0.39128881  0.00000000    0.05067209  0.00000000   -0.04041179 -0.00000982
  0.05067209  0.00000000    0.39128881  0.00000000   -0.04041179 -0.00000982
 -0.04041179  0.00000982   -0.04041179  0.00000982    0.62477027  0.00000000
    1    2
 -0.03150470 -0.03149210    0.05367809  0.05370599   -0.08382061 -0.08382648
  0.05367809  0.05370599   -0.03150470 -0.03149210   -0.08382061 -0.08382648
 -0.03773870 -0.03775233   -0.03773870 -0.03775233    0.03911648  0.03914141
    1    3
 -0.03964212 -0.06228830    0.02013771  0.03635173   -0.01314806  0.04506109
  0.03631936  0.02001869   -0.06233676 -0.03958203    0.04496106 -0.01323967
 -0.02588821  0.04069337    0.04062227 -0.02598680   -0.11095832 -0.11100550
    1    4
 -0.06233676 -0.03958203    0.03631936  0.02001869    0.04496106 -0.01323967
  0.02013771  0.03635173   -0.03964212 -0.06228830   -0.01314806  0.04506109
  0.04062227 -0.02598680   -0.02588821  0.04069337   -0.11095832 -0.11100550
    1    5
 -0.08560059  0.00243904   -0.07107114 -0.02078412    0.00525479  0.02392802
 -0.07107114 -0.02078412   -0.08560059  0.00243904    0.00525479  0.02392802
  0.02171984  0.03653152    0.02171984  0.03653152   -0.04259253 -0.04026514
    1    6
  0.08559624  0.00243674    0.07105476 -0.02077964   -0.00525656  0.02392453
  0.07105476 -0.02077964    0.08559624  0.00243674   -0.00525656  0.02392453
 -0.02172622  0.03652692   -0.02172622  0.03652692    0.04257100 -0.04026402
    2    1
 -0.03150470  0.03149210    0.05367809 -0.05370599   -0.03773870  0.03775233
  0.05367809 -0.05370599   -0.03150470  0.03149210   -0.03773870  0.03775233
 -0.08382061  0.08382648   -0.08382061  0.08382648    0.03911648 -0.03914141
    2    2
  0.37007850  0.00000000   -0.01455935  0.00000000   -0.01574604 -0.00000918
 -0.01455935  0.00000000    0.37007850  0.00000000   -0.01574604 -0.00000918
 -0.01574604  0.00000918   -0.01574604  0.00000918    0.61641931  0.00000000
    2    3
 -0.05555884  0.01256187    0.03764491 -0.00337136    0.02000476  0.01222592
  0.03744144  0.00349531   -0.05556421 -0.01267814    0.02000185 -0.01222914
  0.01906212  0.01895441    0.01904373 -0.01898609   -0.04249755 -0.00003626
    2    4
 -0.05556421 -0.01267814    0.03744144  0.00349531    0.02000185 -0.01222914
  0.03764491 -0.00337136   -0.05555884  0.01256187    0.02000476  0.01222592
  0.01904373 -0.01898609    0.01906212  0.01895441   -0.04249755 -0.00003626
    2    5
 -0.05101916 -0.05337368   -0.04391102 -0.03079196   -0.01927781  0.03050001
 -0.04391102 -0.03079196   -0.05101916 -0.05337368   -0.01927781  0.03050001
 -0.02021408  0.03450090   -0.02021408  0.03450090   -0.11505022 -0.10176196
    2    6
 -0.05337958 -0.05101762   -0.03079383 -0.04391671    0.03050234 -0.01928945
 -0.03079383 -0.04391671   -0.05337958 -0.05101762    0.03050234 -0.01928945
  0.03450996 -0.02021379    0.03450996 -0.02021379   -0.10177142 -0.11507715
    3    1
 -0.03964212  0.06228830    0.03631936 -0.02001869   -0.02588821 -0.04069337
  0.02013771 -0.03635173   -0.06233676  0.03958203    0.04062227  0.02598680
 -0.01314806 -0.04506109    0.04496106  0.01323967   -0.11095832  0.11100550
    3    2
 -0.05555884 -0.01256187    0.03744144 -0.00349531    0.01906212 -0.01895441
  0.03764491  0.00337136   -0.05556421  0.01267814    0.01904373  0.01898609
  0.02000476 -0.01222592    0.02000185  0.01222914   -0.04249755  0.00003626
    3    3
  0.24518898  0.00000000   -0.17271899 -0.00084625   -0.00562856  0.00157009
 -0.17271899  0.00084625    0.24572675  0.00000000   -0.00546152 -0.00168623
 -0.00562856 -0.00157009   -0.00546152  0.00168623    0.30464330  0.00000000
    3    4
 -0.04331313 -0.00477497    0.05207618  0.00000000   -0.00486375 -0.00261166
  0.05192161  0.00000000   -0.04331313  0.00477497   -0.00490838  0.00275979
 -0.00490838 -0.00275979   -0.00486375  0.00261166    0.01851565  0.00000000
    3    5
 -0.03603421  0.00128940   -0.00303305  0.01594582   -0.03849623 -0.00087039
  0.01273379  0.00914372    0.01152232 -0.00505067    0.00263863 -0.00813228
 -0.04663515 -0.00768147   -0.01580098 -0.01534265   -0.00542270  0.00179933
    3    6
 -0.00501837  0.01150807    0.00913872  0.01273504   -0.00813811  0.00270039
  0.01597158 -0.00298649    0.00128003 -0.03605588   -0.00088686 -0.03854671
 -0.01536344 -0.01580462   -0.00762433 -0.04664083    0.00180519 -0.00543946
    4    1
 -0.06233676  0.03958203    0.02013771 -0.03635173    0.04062227  0.02598680
  0.03631936 -0.02001869   -0.03964212  0.06228830   -0.02588821 -0.04069337
  0.04496106  0.01323967   -0.01314806 -0.04506109   -0.11095832  0.11100550
    4    2
 -0.05556421  0.01267814    0.03764491  0.00337136    0.01904373  0.01898609
  0.03744144 -0.00349531   -0.05555884 -0.01256187    0.01906212 -0.01895441
  0.02000185  0.01222914    0.02000476 -0.01222592   -0.04249755  0.00003626
    4    3
 -0.04331313  0.00477497    0.05192161  0.00000000   -0.00490838  0.00275979
  0.05207618  0.00000000   -0.04331313 -0.00477497   -0.00486375 -0.00261166
 -0.00486375  0.00261166   -0.00490838 -0.00275979    0.01851565  0.00000000
    4    4
  0.24572675  0.00000000   -0.17271899  0.00084625   -0.00546152 -0.00168623
 -0.17271899 -0.00084625    0.24518898  0.00000000   -0.00562856  0.00157009
 -0.00546152  0.00168623   -0.00562856 -0.00157009    0.30464330  0.00000000
    4    5
  0.01152232 -0.00505067    0.01273379  0.00914372    0.00263863 -0.00813228
 -0.00303305  0.01594582   -0.03603421  0.00128940   -0.03849623 -0.00087039
 -0.01580098 -0.01534265   -0.04663515 -0.00768147   -0.00542270  0.00179933
    4    6
  0.00128003 -0.03605588    0.01597158 -0.00298649   -0.00088686 -0.03854671
  0.00913872  0.01273504   -0.00501837  0.01150807   -0.00813811  0.00270039
 -0.00762433 -0.04664083   -0.01536344 -0.01580462    0.00180519 -0.00543946
    5    1
 -0.08560059 -0.00243904   -0.07107114  0.02078412    0.02171984 -0.03653152
 -0.07107114  0.02078412   -0.08560059 -0.00243904    0.02171984 -0.03653152
  0.00525479 -0.02392802    0.00525479 -0.02392802   -0.04259253  0.04026514
    5    2
 -0.05101916  0.05337368   -0.04391102  0.03079196   -0.02021408 -0.03450090
 -0.04391102  0.03079196   -0.05101916  0.05337368   -0.02021408 -0.03450090
 -0.01927781 -0.03050001   -0.01927781 -0.03050001   -0.11505022  0.10176196
    5    3
 -0.03603421 -0.00128940    0.01273379 -0.00914372   -0.04663515  0.00768147
 -0.00303305 -0.01594582    0.01152232  0.00505067   -0.01580098  0.01534265
 -0.03849623  0.00087039    0.00263863  0.00813228   -0.00542270 -0.00179933
    5    4
  0.01152232  0.00505067   -0.00303305 -0.01594582   -0.01580098  0.01534265
  0.01273379 -0.00914372   -0.03603421 -0.00128940   -0.04663515  0.00768147
  0.00263863  0.00813228   -0.03849623  0.00087039   -0.00542270 -0.00179933
    5    5
  0.25031074  0.00000000    0.17955241  0.00000000   -0.01303810  0.00185960
  0.17955241  0.00000000    0.25031074  0.00000000   -0.01303810  0.00185960
 -0.01303810 -0.00185960   -0.01303810 -0.00185960    0.30842477  0.00000000
    5    6
 -0.03644312  0.00119455   -0.04261957  0.01169980   -0.00522040 -0.01390887
 -0.04261957  0.01169980   -0.03644312  0.00119455   -0.00522040 -0.01390887
 -0.00521910 -0.01391473   -0.00521910 -0.01391473    0.01479171  0.01154277
    6    1
  0.08559624 -0.00243674    0.07105476  0.02077964   -0.02172622 -0.03652692
  0.07105476  0.02077964    0.08559624 -0.00243674   -0.02172622 -0.03652692
 -0.00525656 -0.02392453   -0.00525656 -0.02392453    0.04257100  0.04026402
    6    2
 -0.05337958  0.05101762   -0.03079383  0.04391671    0.03450996  0.02021379
 -0.03079383  0.04391671   -0.05337958  0.05101762    0.03450996  0.02021379
  0.03050234  0.01928945    0.03050234  0.01928945   -0.10177142  0.11507715
    6    3
 -0.00501837 -0.01150807    0.01597158  0.00298649   -0.01536344  0.01580462
  0.00913872 -0.01273504    0.00128003  0.03605588   -0.00762433  0.04664083
 -0.00813811 -0.00270039   -0.00088686  0.03854671    0.00180519  0.00543946
    6    4
  0.00128003  0.03605588    0.00913872 -0.01273504   -0.00762433  0.04664083
  0.01597158  0.00298649   -0.00501837 -0.01150807   -0.01536344  0.01580462
 -0.00088686  0.03854671   -0.00813811 -0.00270039    0.00180519  0.00543946
    6    5
 -0.03644312 -0.00119455   -0.04261957 -0.01169980   -0.00521910  0.01391473
 -0.04261957 -0.01169980   -0.03644312 -0.00119455   -0.00521910  0.01391473
 -0.00522040  0.01390887   -0.00522040  0.01390887    0.01479171 -0.01154277
    6    6
  0.25056043  0.00000000    0.17954640  0.00000000   -0.01302953 -0.00187246
  0.17954640  0.00000000    0.25056043  0.00000000   -0.01302953 -0.00187246
 -0.01302953  0.00187246   -0.01302953  0.00187246    0.30846387  0.00000000

     Diagonalizing the dynamical matrix

     q = (    0.250000000   0.250000000   0.372246638 ) 

 **************************************************************************
     freq (    1) =       2.645819 [THz] =      88.255026 [cm-1]
 ( -0.110762 -0.394765  0.110762  0.394765  0.000000  0.000000 ) 
 (  0.282034  0.158025 -0.282034 -0.158025 -0.000000  0.000000 ) 
 (  0.263870  0.054264 -0.183028 -0.196118 -0.081281  0.144328 ) 
 (  0.183028  0.196118 -0.263870 -0.054264  0.081281 -0.144328 ) 
 (  0.015088 -0.166482 -0.015088  0.166482  0.000000  0.000000 ) 
 (  0.098660  0.133153 -0.098660 -0.133153 -0.000000  0.000000 ) 
     freq (    2) =       3.865278 [THz] =     128.931810 [cm-1]
 (  0.164228  0.231682  0.164228  0.231682 -0.071206 -0.100353 ) 
 ( -0.206180 -0.034761 -0.206180 -0.034761  0.280230  0.047610 ) 
 ( -0.311234 -0.043041 -0.307608 -0.062138  0.128039  0.021687 ) 
 ( -0.307608 -0.062138 -0.311234 -0.043041  0.128039  0.021687 ) 
 ( -0.002691  0.173659 -0.002691  0.173659  0.076140 -0.218213 ) 
 ( -0.164429 -0.054602 -0.164429 -0.054602  0.231120  0.000000 ) 
     freq (    3) =       4.571901 [THz] =     152.502217 [cm-1]
 (  0.266908 -0.109982  0.266908 -0.109982  0.146102 -0.060542 ) 
 (  0.185301 -0.446308  0.185301 -0.446308  0.092578 -0.222192 ) 
 ( -0.016875 -0.024978  0.028894 -0.005874 -0.034113  0.082536 ) 
 (  0.028894 -0.005874 -0.016875 -0.024978 -0.034113  0.082536 ) 
 (  0.030300 -0.211777  0.030300 -0.211777  0.142370 -0.141848 ) 
 ( -0.171010 -0.128818 -0.171010 -0.128818 -0.200526  0.000000 ) 
     freq (    4) =       4.928204 [THz] =     164.387194 [cm-1]
 (  0.013608 -0.036081 -0.013608  0.036081  0.000000  0.000000 ) 
 ( -0.036203 -0.077111  0.036203  0.077111 -0.000000  0.000000 ) 
 (  0.280477 -0.181319  0.318172 -0.098527 -0.085020  0.039149 ) 
 ( -0.318172  0.098527 -0.280477  0.181319  0.085020 -0.039149 ) 
 ( -0.176910 -0.316484  0.176910  0.316484  0.000000  0.000000 ) 
 ( -0.335286  0.127021  0.335286 -0.127021  0.000000  0.000000 ) 
     freq (    5) =       6.282083 [THz] =     209.547731 [cm-1]
 ( -0.108695  0.066663  0.108695 -0.066663  0.000000  0.000000 ) 
 ( -0.020868  0.086160  0.020868 -0.086160 -0.000000 -0.000000 ) 
 (  0.168444  0.074615  0.184786  0.005394  0.059367  0.014111 ) 
 ( -0.184786 -0.005394 -0.168444 -0.074615 -0.059367 -0.014111 ) 
 (  0.438140  0.095821 -0.438140 -0.095821 -0.000000  0.000000 ) 
 ( -0.111659  0.436380  0.111659 -0.436380 -0.000000  0.000000 ) 
     freq (    6) =       6.343645 [THz] =     211.601207 [cm-1]
 ( -0.042833 -0.084846 -0.042833 -0.084846 -0.284864 -0.564509 ) 
 (  0.120623  0.039809  0.120623  0.039809  0.145223  0.047746 ) 
 (  0.158813  0.124919  0.201865 -0.007065  0.366657  0.120879 ) 
 (  0.201865 -0.007065  0.158813  0.124919  0.366657  0.120879 ) 
 (  0.042149 -0.051666  0.042149 -0.051666  0.091627 -0.123562 ) 
 (  0.066551 -0.003307  0.066551 -0.003307  0.153922  0.000000 ) 
     freq (    7) =       6.870933 [THz] =     229.189665 [cm-1]
 (  0.119889 -0.026527 -0.119889  0.026527 -0.000000  0.000000 ) 
 (  0.104508 -0.164001 -0.104508  0.164001  0.000000  0.000000 ) 
 ( -0.242586 -0.129234 -0.217599 -0.167134 -0.012000 -0.007004 ) 
 (  0.217599  0.167134  0.242586  0.129234  0.012000  0.007004 ) 
 (  0.352436  0.153053 -0.352436 -0.153053  0.000000  0.000000 ) 
 ( -0.256184  0.287772  0.256184 -0.287772  0.000000  0.000000 ) 
     freq (    8) =       7.024606 [THz] =     234.315630 [cm-1]
 ( -0.044622  0.099044 -0.044622  0.099044  0.068968 -0.153482 ) 
 (  0.026108  0.068228  0.026108  0.068228 -0.148663 -0.389717 ) 
 ( -0.165609 -0.384668 -0.133702 -0.396384  0.016360  0.042694 ) 
 ( -0.133702 -0.396384 -0.165609 -0.384668  0.016360  0.042694 ) 
 (  0.027869  0.033576  0.027869  0.033576 -0.105865 -0.119372 ) 
 (  0.043664 -0.001454  0.043664 -0.001454 -0.159320  0.000000 ) 
     freq (    9) =       7.754631 [THz] =     258.666656 [cm-1]
 (  0.036568  0.163884  0.036568  0.163884 -0.013185 -0.059018 ) 
 ( -0.050625 -0.032104 -0.050625 -0.032104 -0.112866 -0.072046 ) 
