Dynamical matrix file
Phonon dispersions for SnO2                                                
  2    6  6  9.1370330  1.0000000  0.6715977  0.0000000  0.0000000  0.0000000
           1  'Sn  '    108197.545983522     
           2  'O   '    14582.1964298742     
    1    1     -0.0003319700     -0.0003319700      0.0000000000
    2    1      0.4996674800      0.4996674800      0.3357988685
    3    2      0.8063691980      0.1929617810      0.3357988685
    4    2      0.1929617810      0.8063691980      0.3357988685
    5    2      0.3063704630      0.3063704630      0.0000000000
    6    2      0.6929630480      0.6929630480      0.0000000000

     Dynamical  Matrix in cartesian axes

     q = (   -0.500000000  -0.500000000   0.372246638 ) 

    1    1
  0.37899110  0.00000000    0.02701255  0.00000000    0.00000000  0.00001450
  0.02701255  0.00000000    0.37899110  0.00000000    0.00000000  0.00001450
  0.00000000 -0.00001450    0.00000000 -0.00001450    0.59657729  0.00000000
    1    2
 -0.00022029  0.00022029   -0.09662675  0.09662675    0.00003571  0.00003571
 -0.09662675  0.09662675   -0.00022029  0.00022029    0.00003571  0.00003571
  0.00000183  0.00000183    0.00000183  0.00000183   -0.00000229  0.00000229
    1    3
  0.05187531 -0.05187531   -0.02792668  0.02792668   -0.02990452 -0.02990452
 -0.02789456  0.02789456    0.05189023 -0.05189023    0.02990551  0.02990551
 -0.03121458 -0.03121458    0.03119735  0.03119735    0.09806341 -0.09806341
    1    4
  0.05189023 -0.05189023   -0.02789456  0.02789456    0.02990551  0.02990551
 -0.02792668  0.02792668    0.05187531 -0.05187531   -0.02990452 -0.02990452
  0.03119735  0.03119735   -0.03121458 -0.03121458    0.09806341 -0.09806341
    1    5
 -0.06349356  0.00000000   -0.02614083  0.00000000    0.00000000  0.01057783
 -0.02614083  0.00000000   -0.06349356  0.00000000    0.00000000  0.01057783
  0.00000000  0.03718747    0.00000000  0.03718747   -0.00220361  0.00000000
    1    6
 -0.06353462  0.00000000   -0.02618218  0.00000000    0.00000000 -0.01059733
 -0.02618218  0.00000000   -0.06353462  0.00000000    0.00000000 -0.01059733
  0.00000000 -0.03716282    0.00000000 -0.03716282   -0.00221374  0.00000000
    2    1
 -0.00022029 -0.00022029   -0.09662675 -0.09662675    0.00000183 -0.00000183
 -0.09662675 -0.09662675   -0.00022029 -0.00022029    0.00000183 -0.00000183
  0.00003571 -0.00003571    0.00003571 -0.00003571   -0.00000229 -0.00000229
    2    2
  0.37781036  0.00000000   -0.02710886  0.00000000    0.00000000  0.00003424
 -0.02710886  0.00000000    0.37781036  0.00000000    0.00000000  0.00003424
  0.00000000 -0.00003424    0.00000000 -0.00003424    0.59687606  0.00000000
    2    3
 -0.06359139  0.00000000    0.02600259  0.00000000    0.00000000  0.01031416
  0.02607060  0.00000000   -0.06358318  0.00000000    0.00000000 -0.01034549
  0.00000000  0.03718782    0.00000000 -0.03712799   -0.00215805  0.00000000
    2    4
 -0.06358318  0.00000000    0.02607060  0.00000000    0.00000000 -0.01034549
  0.02600259  0.00000000   -0.06359139  0.00000000    0.00000000  0.01031416
  0.00000000 -0.03712799    0.00000000  0.03718782   -0.00215805  0.00000000
    2    5
 -0.05188784 -0.05188784   -0.02776418 -0.02776418   -0.02965980  0.02965980
 -0.02776418 -0.02776418   -0.05188784 -0.05188784   -0.02965980  0.02965980
 -0.03128336  0.03128336   -0.03128336  0.03128336   -0.09802620 -0.09802620
    2    6
 -0.05190263 -0.05190263   -0.02777852 -0.02777852    0.02968274 -0.02968274
 -0.02777852 -0.02777852   -0.05190263 -0.05190263    0.02968274 -0.02968274
  0.03126753 -0.03126753    0.03126753 -0.03126753   -0.09803166 -0.09803166
    3    1
  0.05187531  0.05187531   -0.02789456 -0.02789456   -0.03121458  0.03121458
 -0.02792668 -0.02792668    0.05189023  0.05189023    0.03119735 -0.03119735
 -0.02990452  0.02990452    0.02990551 -0.02990551    0.09806341  0.09806341
    3    2
 -0.06359139  0.00000000    0.02607060  0.00000000    0.00000000 -0.03718782
  0.02600259  0.00000000   -0.06358318  0.00000000    0.00000000  0.03712799
  0.00000000 -0.01031416    0.00000000  0.01034549   -0.00215805  0.00000000
    3    3
  0.24980567  0.00000000   -0.17767102  0.00000000    0.00000000 -0.00293175
 -0.17767102  0.00000000    0.25034977  0.00000000    0.00000000  0.00289151
  0.00000000  0.00293175    0.00000000 -0.00289151    0.29525392  0.00000000
    3    4
 -0.04294193  0.00000000    0.06049447  0.00000000    0.00000000 -0.00574003
  0.06011294  0.00000000   -0.04294193  0.00000000    0.00000000  0.00575564
  0.00000000 -0.00575564    0.00000000  0.00574003    0.01051971  0.00000000
    3    5
  0.00002247  0.00002247    0.01484051  0.01484051   -0.03526314  0.03526314
  0.01485605  0.01485605    0.00001962  0.00001962    0.00504781 -0.00504781
 -0.03526967  0.03526967   -0.00503534  0.00503534    0.00001104  0.00001104
    3    6
  0.00002108  0.00002108    0.01484936  0.01484936   -0.00503404  0.00503404
  0.01484479  0.01484479    0.00001850  0.00001850    0.03523615 -0.03523615
  0.00503700 -0.00503700    0.03527101 -0.03527101    0.00001539  0.00001539
    4    1
  0.05189023  0.05189023   -0.02792668 -0.02792668    0.03119735 -0.03119735
 -0.02789456 -0.02789456    0.05187531  0.05187531   -0.03121458  0.03121458
  0.02990551 -0.02990551   -0.02990452  0.02990452    0.09806341  0.09806341
    4    2
 -0.06358318  0.00000000    0.02600259  0.00000000    0.00000000  0.03712799
  0.02607060  0.00000000   -0.06359139  0.00000000    0.00000000 -0.03718782
  0.00000000  0.01034549    0.00000000 -0.01031416   -0.00215805  0.00000000
    4    3
 -0.04294193  0.00000000    0.06011294  0.00000000    0.00000000  0.00575564
  0.06049447  0.00000000   -0.04294193  0.00000000    0.00000000 -0.00574003
  0.00000000  0.00574003    0.00000000 -0.00575564    0.01051971  0.00000000
    4    4
  0.25034977  0.00000000   -0.17767102  0.00000000    0.00000000  0.00289151
 -0.17767102  0.00000000    0.24980567  0.00000000    0.00000000 -0.00293175
  0.00000000 -0.00289151    0.00000000  0.00293175    0.29525392  0.00000000
    4    5
  0.00001962  0.00001962    0.01485605  0.01485605    0.00504781 -0.00504781
  0.01484051  0.01484051    0.00002247  0.00002247   -0.03526314  0.03526314
 -0.00503534  0.00503534   -0.03526967  0.03526967    0.00001104  0.00001104
    4    6
  0.00001850  0.00001850    0.01484479  0.01484479    0.03523615 -0.03523615
  0.01484936  0.01484936    0.00002108  0.00002108   -0.00503404  0.00503404
  0.03527101 -0.03527101    0.00503700 -0.00503700    0.00001539  0.00001539
    5    1
 -0.06349356  0.00000000   -0.02614083  0.00000000    0.00000000 -0.03718747
 -0.02614083  0.00000000   -0.06349356  0.00000000    0.00000000 -0.03718747
  0.00000000 -0.01057783    0.00000000 -0.01057783   -0.00220361  0.00000000
    5    2
 -0.05188784  0.05188784   -0.02776418  0.02776418   -0.03128336 -0.03128336
 -0.02776418  0.02776418   -0.05188784  0.05188784   -0.03128336 -0.03128336
 -0.02965980 -0.02965980   -0.02965980 -0.02965980   -0.09802620  0.09802620
    5    3
  0.00002247 -0.00002247    0.01485605 -0.01485605   -0.03526967 -0.03526967
  0.01484051 -0.01484051    0.00001962 -0.00001962   -0.00503534 -0.00503534
 -0.03526314 -0.03526314    0.00504781  0.00504781    0.00001104 -0.00001104
    5    4
  0.00001962 -0.00001962    0.01484051 -0.01484051   -0.00503534 -0.00503534
  0.01485605 -0.01485605    0.00002247 -0.00002247   -0.03526967 -0.03526967
  0.00504781  0.00504781   -0.03526314 -0.03526314    0.00001104 -0.00001104
    5    5
  0.25000266  0.00000000    0.17741039  0.00000000    0.00000000 -0.00295890
  0.17741039  0.00000000    0.25000266  0.00000000    0.00000000 -0.00295890
  0.00000000  0.00295890    0.00000000  0.00295890    0.29516002  0.00000000
    5    6
 -0.04301541  0.00000000   -0.06028699  0.00000000    0.00000000 -0.00565811
 -0.06028699  0.00000000   -0.04301541  0.00000000    0.00000000 -0.00565811
  0.00000000 -0.00566287    0.00000000 -0.00566287    0.01054696  0.00000000
    6    1
 -0.06353462  0.00000000   -0.02618218  0.00000000    0.00000000  0.03716282
 -0.02618218  0.00000000   -0.06353462  0.00000000    0.00000000  0.03716282
  0.00000000  0.01059733    0.00000000  0.01059733   -0.00221374  0.00000000
    6    2
 -0.05190263  0.05190263   -0.02777852  0.02777852    0.03126753  0.03126753
 -0.02777852  0.02777852   -0.05190263  0.05190263    0.03126753  0.03126753
  0.02968274  0.02968274    0.02968274  0.02968274   -0.09803166  0.09803166
    6    3
  0.00002108 -0.00002108    0.01484479 -0.01484479    0.00503700  0.00503700
  0.01484936 -0.01484936    0.00001850 -0.00001850    0.03527101  0.03527101
 -0.00503404 -0.00503404    0.03523615  0.03523615    0.00001539 -0.00001539
    6    4
  0.00001850 -0.00001850    0.01484936 -0.01484936    0.03527101  0.03527101
  0.01484479 -0.01484479    0.00002108 -0.00002108    0.00503700  0.00503700
  0.03523615  0.03523615   -0.00503404 -0.00503404    0.00001539 -0.00001539
    6    5
 -0.04301541  0.00000000   -0.06028699  0.00000000    0.00000000  0.00566287
 -0.06028699  0.00000000   -0.04301541  0.00000000    0.00000000  0.00566287
  0.00000000  0.00565811    0.00000000  0.00565811    0.01054696  0.00000000
    6    6
  0.25024254  0.00000000    0.17739518  0.00000000    0.00000000  0.00298689
  0.17739518  0.00000000    0.25024254  0.00000000    0.00000000  0.00298689
  0.00000000 -0.00298689    0.00000000 -0.00298689    0.29518526  0.00000000

     Dynamical  Matrix in cartesian axes

     q = (   -0.500000000  -0.500000000  -0.372246638 ) 

    1    1
  0.37899110  0.00000000    0.02701255  0.00000000    0.00000000 -0.00001450
  0.02701255  0.00000000    0.37899110  0.00000000    0.00000000 -0.00001450
  0.00000000  0.00001450    0.00000000  0.00001450    0.59657729  0.00000000
    1    2
 -0.00022029 -0.00022029   -0.09662675 -0.09662675    0.00003571 -0.00003571
 -0.09662675 -0.09662675   -0.00022029 -0.00022029    0.00003571 -0.00003571
  0.00000183 -0.00000183    0.00000183 -0.00000183   -0.00000229 -0.00000229
    1    3
  0.05187531  0.05187531   -0.02792668 -0.02792668   -0.02990452  0.02990452
 -0.02789456 -0.02789456    0.05189023  0.05189023    0.02990551 -0.02990551
 -0.03121458  0.03121458    0.03119735 -0.03119735    0.09806341  0.09806341
    1    4
  0.05189023  0.05189023   -0.02789456 -0.02789456    0.02990551 -0.02990551
 -0.02792668 -0.02792668    0.05187531  0.05187531   -0.02990452  0.02990452
  0.03119735 -0.03119735   -0.03121458  0.03121458    0.09806341  0.09806341
    1    5
 -0.06349356  0.00000000   -0.02614083  0.00000000    0.00000000 -0.01057783
 -0.02614083  0.00000000   -0.06349356  0.00000000    0.00000000 -0.01057783
  0.00000000 -0.03718747    0.00000000 -0.03718747   -0.00220361  0.00000000
    1    6
 -0.06353462  0.00000000   -0.02618218  0.00000000    0.00000000  0.01059733
 -0.02618218  0.00000000   -0.06353462  0.00000000    0.00000000  0.01059733
  0.00000000  0.03716282    0.00000000  0.03716282   -0.00221374  0.00000000
    2    1
 -0.00022029  0.00022029   -0.09662675  0.09662675    0.00000183  0.00000183
 -0.09662675  0.09662675   -0.00022029  0.00022029    0.00000183  0.00000183
  0.00003571  0.00003571    0.00003571  0.00003571   -0.00000229  0.00000229
    2    2
  0.37781036  0.00000000   -0.02710886  0.00000000    0.00000000 -0.00003424
 -0.02710886  0.00000000    0.37781036  0.00000000    0.00000000 -0.00003424
  0.00000000  0.00003424    0.00000000  0.00003424    0.59687606  0.00000000
    2    3
 -0.06359139  0.00000000    0.02600259  0.00000000    0.00000000 -0.01031416
  0.02607060  0.00000000   -0.06358318  0.00000000    0.00000000  0.01034549
  0.00000000 -0.03718782    0.00000000  0.03712799   -0.00215805  0.00000000
    2    4
 -0.06358318  0.00000000    0.02607060  0.00000000    0.00000000  0.01034549
  0.02600259  0.00000000   -0.06359139  0.00000000    0.00000000 -0.01031416
  0.00000000  0.03712799    0.00000000 -0.03718782   -0.00215805  0.00000000
    2    5
 -0.05188784  0.05188784   -0.02776418  0.02776418   -0.02965980 -0.02965980
 -0.02776418  0.02776418   -0.05188784  0.05188784   -0.02965980 -0.02965980
 -0.03128336 -0.03128336   -0.03128336 -0.03128336   -0.09802620  0.09802620
    2    6
 -0.05190263  0.05190263   -0.02777852  0.02777852    0.02968274  0.02968274
 -0.02777852  0.02777852   -0.05190263  0.05190263    0.02968274  0.02968274
  0.03126753  0.03126753    0.03126753  0.03126753   -0.09803166  0.09803166
    3    1
  0.05187531 -0.05187531   -0.02789456  0.02789456   -0.03121458 -0.03121458
 -0.02792668  0.02792668    0.05189023 -0.05189023    0.03119735  0.03119735
 -0.02990452 -0.02990452    0.02990551  0.02990551    0.09806341 -0.09806341
    3    2
 -0.06359139  0.00000000    0.02607060  0.00000000    0.00000000  0.03718782
  0.02600259  0.00000000   -0.06358318  0.00000000    0.00000000 -0.03712799
  0.00000000  0.01031416    0.00000000 -0.01034549   -0.00215805  0.00000000
    3    3
  0.24980567  0.00000000   -0.17767102  0.00000000    0.00000000  0.00293175
 -0.17767102  0.00000000    0.25034977  0.00000000    0.00000000 -0.00289151
  0.00000000 -0.00293175    0.00000000  0.00289151    0.29525392  0.00000000
    3    4
 -0.04294193  0.00000000    0.06049447  0.00000000    0.00000000  0.00574003
  0.06011294  0.00000000   -0.04294193  0.00000000    0.00000000 -0.00575564
  0.00000000  0.00575564    0.00000000 -0.00574003    0.01051971  0.00000000
    3    5
  0.00002247 -0.00002247    0.01484051 -0.01484051   -0.03526314 -0.03526314
  0.01485605 -0.01485605    0.00001962 -0.00001962    0.00504781  0.00504781
 -0.03526967 -0.03526967   -0.00503534 -0.00503534    0.00001104 -0.00001104
    3    6
  0.00002108 -0.00002108    0.01484936 -0.01484936   -0.00503404 -0.00503404
  0.01484479 -0.01484479    0.00001850 -0.00001850    0.03523615  0.03523615
  0.00503700  0.00503700    0.03527101  0.03527101    0.00001539 -0.00001539
    4    1
  0.05189023 -0.05189023   -0.02792668  0.02792668    0.03119735  0.03119735
 -0.02789456  0.02789456    0.05187531 -0.05187531   -0.03121458 -0.03121458
  0.02990551  0.02990551   -0.02990452 -0.02990452    0.09806341 -0.09806341
    4    2
 -0.06358318  0.00000000    0.02600259  0.00000000    0.00000000 -0.03712799
  0.02607060  0.00000000   -0.06359139  0.00000000    0.00000000  0.03718782
  0.00000000 -0.01034549    0.00000000  0.01031416   -0.00215805  0.00000000
    4    3
 -0.04294193  0.00000000    0.06011294  0.00000000    0.00000000 -0.00575564
  0.06049447  0.00000000   -0.04294193  0.00000000    0.00000000  0.00574003
  0.00000000 -0.00574003    0.00000000  0.00575564    0.01051971  0.00000000
    4    4
  0.25034977  0.00000000   -0.17767102  0.00000000    0.00000000 -0.00289151
 -0.17767102  0.00000000    0.24980567  0.00000000    0.00000000  0.00293175
  0.00000000  0.00289151    0.00000000 -0.00293175    0.29525392  0.00000000
    4    5
  0.00001962 -0.00001962    0.01485605 -0.01485605    0.00504781  0.00504781
  0.01484051 -0.01484051    0.00002247 -0.00002247   -0.03526314 -0.03526314
 -0.00503534 -0.00503534   -0.03526967 -0.03526967    0.00001104 -0.00001104
    4    6
  0.00001850 -0.00001850    0.01484479 -0.01484479    0.03523615  0.03523615
  0.01484936 -0.01484936    0.00002108 -0.00002108   -0.00503404 -0.00503404
  0.03527101  0.03527101    0.00503700  0.00503700    0.00001539 -0.00001539
    5    1
 -0.06349356  0.00000000   -0.02614083  0.00000000    0.00000000  0.03718747
 -0.02614083  0.00000000   -0.06349356  0.00000000    0.00000000  0.03718747
  0.00000000  0.01057783    0.00000000  0.01057783   -0.00220361  0.00000000
    5    2
 -0.05188784 -0.05188784   -0.02776418 -0.02776418   -0.03128336  0.03128336
 -0.02776418 -0.02776418   -0.05188784 -0.05188784   -0.03128336  0.03128336
 -0.02965980  0.02965980   -0.02965980  0.02965980   -0.09802620 -0.09802620
    5    3
  0.00002247  0.00002247    0.01485605  0.01485605   -0.03526967  0.03526967
  0.01484051  0.01484051    0.00001962  0.00001962   -0.00503534  0.00503534
 -0.03526314  0.03526314    0.00504781 -0.00504781    0.00001104  0.00001104
    5    4
  0.00001962  0.00001962    0.01484051  0.01484051   -0.00503534  0.00503534
  0.01485605  0.01485605    0.00002247  0.00002247   -0.03526967  0.03526967
  0.00504781 -0.00504781   -0.03526314  0.03526314    0.00001104  0.00001104
    5    5
  0.25000266  0.00000000    0.17741039  0.00000000    0.00000000  0.00295890
  0.17741039  0.00000000    0.25000266  0.00000000    0.00000000  0.00295890
  0.00000000 -0.00295890    0.00000000 -0.00295890    0.29516002  0.00000000
    5    6
 -0.04301541  0.00000000   -0.06028699  0.00000000    0.00000000  0.00565811
 -0.06028699  0.00000000   -0.04301541  0.00000000    0.00000000  0.00565811
  0.00000000  0.00566287    0.00000000  0.00566287    0.01054696  0.00000000
    6    1
 -0.06353462  0.00000000   -0.02618218  0.00000000    0.00000000 -0.03716282
 -0.02618218  0.00000000   -0.06353462  0.00000000    0.00000000 -0.03716282
  0.00000000 -0.01059733    0.00000000 -0.01059733   -0.00221374  0.00000000
    6    2
 -0.05190263 -0.05190263   -0.02777852 -0.02777852    0.03126753 -0.03126753
 -0.02777852 -0.02777852   -0.05190263 -0.05190263    0.03126753 -0.03126753
  0.02968274 -0.02968274    0.02968274 -0.02968274   -0.09803166 -0.09803166
    6    3
  0.00002108  0.00002108    0.01484479  0.01484479    0.00503700 -0.00503700
  0.01484936  0.01484936    0.00001850  0.00001850    0.03527101 -0.03527101
 -0.00503404  0.00503404    0.03523615 -0.03523615    0.00001539  0.00001539
    6    4
  0.00001850  0.00001850    0.01484936  0.01484936    0.03527101 -0.03527101
  0.01484479  0.01484479    0.00002108  0.00002108    0.00503700 -0.00503700
  0.03523615 -0.03523615   -0.00503404  0.00503404    0.00001539  0.00001539
    6    5
 -0.04301541  0.00000000   -0.06028699  0.00000000    0.00000000 -0.00566287
 -0.06028699  0.00000000   -0.04301541  0.00000000    0.00000000 -0.00566287
  0.00000000 -0.00565811    0.00000000 -0.00565811    0.01054696  0.00000000
    6    6
  0.25024254  0.00000000    0.17739518  0.00000000    0.00000000 -0.00298689
  0.17739518  0.00000000    0.25024254  0.00000000    0.00000000 -0.00298689
  0.00000000  0.00298689    0.00000000  0.00298689    0.29518526  0.00000000

     Diagonalizing the dynamical matrix

     q = (   -0.500000000  -0.500000000   0.372246638 ) 

 **************************************************************************
     freq (    1) =       2.859415 [THz] =      95.379804 [cm-1]
 ( -0.000000  0.343803  0.000000  0.343803 -0.000002  0.000000 ) 
 ( -0.324512  0.324512 -0.324512  0.324512 -0.000071 -0.000071 ) 
 ( -0.021275  0.021275 -0.021308  0.021308  0.000032  0.000032 ) 
 ( -0.021308  0.021308 -0.021275  0.021275  0.000032  0.000032 ) 
 ( -0.000000  0.261049  0.000000  0.261049 -0.181907 -0.000000 ) 
 (  0.000000  0.261027  0.000000  0.261027  0.181901  0.000000 ) 
     freq (    2) =       2.871894 [THz] =      95.796074 [cm-1]
 ( -0.171062  0.424821  0.171062 -0.424821 -0.000000 -0.000000 ) 
 (  0.317388 -0.135160 -0.317388  0.135160  0.000000  0.000000 ) 
 (  0.243076 -0.103515 -0.238292  0.101477  0.071097  0.166952 ) 
 (  0.238292 -0.101477 -0.243076  0.103515 -0.071097 -0.166952 ) 
 ( -0.010095  0.025070  0.010095 -0.025070  0.000000 -0.000000 ) 
 ( -0.010032  0.024914  0.010032 -0.024914 -0.000000  0.000000 ) 
     freq (    3) =       5.442114 [THz] =     181.529383 [cm-1]
 (  0.134655 -0.021728 -0.134655  0.021728 -0.000000 -0.000000 ) 
 (  0.153575  0.110899 -0.153575 -0.110899  0.000000  0.000000 ) 
 (  0.058877  0.042516 -0.054169 -0.039116  0.108864 -0.150757 ) 
 (  0.054169  0.039116 -0.058877 -0.042516 -0.108864  0.150757 ) 
 (  0.445771 -0.071930 -0.445771  0.071930 -0.000000 -0.000000 ) 
 (  0.438522 -0.070760 -0.438522  0.070760  0.000000  0.000000 ) 
     freq (    4) =       5.444213 [THz] =     181.599413 [cm-1]
 (  0.000000  0.189048 -0.000000  0.189048  0.000375 -0.000000 ) 
 (  0.095234 -0.095234  0.095234 -0.095234 -0.000299 -0.000299 ) 
 (  0.317087 -0.317087  0.316895 -0.316895 -0.000198 -0.000198 ) 
 (  0.316895 -0.316895  0.317087 -0.317087 -0.000198 -0.000198 ) 
 (  0.000000  0.070784 -0.000000  0.070784  0.184682  0.000000 ) 
 (  0.000000  0.070864 -0.000000  0.070864 -0.184947  0.000000 ) 
     freq (    5) =       6.391744 [THz] =     213.205631 [cm-1]
 ( -0.000001  0.000001  0.000001 -0.000001  0.000000 -0.000000 ) 
 (  0.001118 -0.000044 -0.001118  0.000044  0.000000  0.000000 ) 
 ( -0.499567  0.019508 -0.499003  0.019486 -0.000011 -0.000276 ) 
 (  0.499003 -0.019486  0.499567 -0.019508  0.000011  0.000276 ) 
 (  0.013273 -0.014352 -0.013273  0.014352  0.000000  0.000000 ) 
 ( -0.011477  0.012410  0.011477 -0.012410  0.000000  0.000000 ) 
     freq (    6) =       6.415208 [THz] =     213.988313 [cm-1]
 ( -0.000752 -0.000375  0.000752  0.000375 -0.000000  0.000000 ) 
 ( -0.000366 -0.001096  0.000366  0.001096 -0.000000 -0.000000 ) 
 (  0.005711  0.017091  0.005834  0.017458 -0.000639  0.000213 ) 
 ( -0.005834 -0.017458 -0.005711 -0.017091  0.000639 -0.000213 ) 
 (  0.445936  0.222549 -0.445936 -0.222549 -0.000000 -0.000000 ) 
 ( -0.448228 -0.223693  0.448228  0.223693 -0.000000  0.000000 ) 
     freq (    7) =       6.481797 [THz] =     216.209468 [cm-1]
 (  0.000000  0.000285 -0.000000  0.000285 -0.746901  0.000000 ) 
 (  0.000160 -0.000160  0.000160 -0.000160 -0.136074 -0.136074 ) 
 ( -0.056508  0.056508  0.056823 -0.056823  0.286858  0.286858 ) 
 (  0.056823 -0.056823 -0.056508  0.056508  0.286858  0.286858 ) 
 ( -0.000000 -0.030526  0.000000 -0.030526 -0.152405 -0.000000 ) 
 (  0.000000  0.030497 -0.000000  0.030497 -0.152697  0.000000 ) 
     freq (    8) =       6.484326 [THz] =     216.293849 [cm-1]
 ( -0.000000  0.000468  0.000000  0.000468 -0.192468  0.000000 ) 
 (  0.000192 -0.000192  0.000192 -0.000192  0.528159  0.528159 ) 
 ( -0.021120  0.021120  0.021980 -0.021980  0.107774  0.107774 ) 
 (  0.021980 -0.021980 -0.021120  0.021120  0.107774  0.107774 ) 
 (  0.000000  0.080457 -0.000000  0.080457  0.405922  0.000000 ) 
 ( -0.000000 -0.080125  0.000000 -0.080125  0.405357  0.000000 ) 
     freq (    9) =       8.450482 [THz] =     281.877737 [cm-1]
 ( -0.000000  0.202529  0.000000  0.202529  0.000185  0.000000 ) 
 (  0.110224 -0.110224  0.110224 -0.110224 -0.000050 -0.000050 ) 
 ( -0.315868  0.315868 -0.315742  0.315742 -0.000080 -0.000080 ) 
 ( -0.315742  0.315742 -0.315868  0.315868 -0.000080 -0.000080 ) 
 (  0.000000 -0.077972 -0.000000 -0.077972 -0.153781 -0.000000 ) 
 (  0.000000 -0.077891 -0.000000 -0.077891  0.153502  0.000000 ) 
     freq (   10) =       8.456704 [THz] =     282.085286 [cm-1]
 ( -0.127349  0.088283  0.127349 -0.088283  0.000000  0.000000 ) 
 ( -0.198129 -0.035895  0.198129  0.035895 -0.000000 -0.000000 ) 
 (  0.076055  0.013779 -0.077118 -0.013972  0.027301 -0.150689 ) 
 (  0.077118  0.013972 -0.076055 -0.013779 -0.027301  0.150689 ) 
 (  0.366330 -0.253952 -0.366330  0.253952  0.000000  0.000000 ) 
 (  0.368625 -0.255543 -0.368625  0.255543 -0.000000  0.000000 ) 
     freq (   11) =      14.837924 [THz] =     494.939877 [cm-1]
 (  0.000000  0.000072  0.000000  0.000072 -0.080020 -0.000000 ) 
 ( -0.000091  0.000091 -0.000091  0.000091 -0.043110 -0.043110 ) 
 (  0.093292 -0.093292 -0.093716  0.093716 -0.304004 -0.304004 ) 
 ( -0.093716  0.093716  0.093292 -0.093292 -0.304004 -0.304004 ) 
 (  0.000000 -0.111063  0.000000 -0.111063  0.502405 -0.000000 ) 
 ( -0.000000  0.109752 -0.000000  0.109752  0.499087  0.000000 ) 
     freq (   12) =      14.840077 [THz] =     495.011690 [cm-1]
 (  0.000000  0.000028 -0.000000  0.000028  0.060959  0.000000 ) 
 ( -0.000021  0.000021 -0.000021  0.000021 -0.056584 -0.056584 ) 
 (  0.077766 -0.077766 -0.078143  0.078143  0.354051  0.354051 ) 
 ( -0.078143  0.078143  0.077766 -0.077766  0.354051  0.354051 ) 
 ( -0.000000  0.132246 -0.000000  0.132246  0.431141 -0.000000 ) 
 (  0.000000 -0.132407  0.000000 -0.132407  0.428873  0.000000 ) 
     freq (   13) =      15.008065 [THz] =     500.615178 [cm-1]
 (  0.000000  0.016917 -0.000000  0.016917  0.000117  0.000000 ) 
 ( -0.023272  0.023272 -0.023272  0.023272  0.000201  0.000201 ) 
 ( -0.083601  0.083601 -0.082929  0.082929  0.000213  0.000213 ) 
 ( -0.082929  0.082929 -0.083601  0.083601  0.000213  0.000213 ) 
 (  0.000000 -0.074666 -0.000000 -0.074666  0.676087 -0.000000 ) 
 (  0.000000 -0.074659 -0.000000 -0.074659 -0.680002  0.000000 ) 
     freq (   14) =      15.011489 [THz] =     500.729362 [cm-1]
 ( -0.022515 -0.024592  0.022515  0.024592  0.000000 -0.000000 ) 
 ( -0.000741  0.016806  0.000741 -0.016806 -0.000000  0.000000 ) 
 (  0.003339 -0.075746 -0.003344  0.075869  0.677146  0.029850 ) 
 (  0.003344 -0.075869 -0.003339  0.075746 -0.677146 -0.029850 ) 
 ( -0.079390 -0.086712  0.079390  0.086712  0.000000 -0.000000 ) 
 ( -0.079471 -0.086800  0.079471  0.086800 -0.000000  0.000000 ) 
     freq (   15) =      16.116646 [THz] =     537.593435 [cm-1]
 ( -0.000000  0.032846 -0.000000  0.032846  0.000103  0.000000 ) 
 ( -0.032683  0.032683 -0.032683  0.032683  0.000053  0.000053 ) 
 (  0.068103 -0.068103  0.068230 -0.068230  0.000393  0.000393 ) 
 (  0.068230 -0.068230  0.068103 -0.068103  0.000393  0.000393 ) 
 (  0.000000 -0.484362  0.000000 -0.484362 -0.096277 -0.000000 ) 
 (  0.000000 -0.484144  0.000000 -0.484144  0.095506  0.000000 ) 
     freq (   16) =      16.123360 [THz] =     537.817383 [cm-1]
 (  0.000884  0.046150 -0.000884 -0.046150  0.000000 -0.000000 ) 
 (  0.022718 -0.023605 -0.022718  0.023605 -0.000000  0.000000 ) 
 ( -0.335137  0.348220  0.336208 -0.349334  0.070471  0.067823 ) 
 ( -0.336208  0.349334  0.335137 -0.348220 -0.070471 -0.067823 ) 
 ( -0.001845 -0.096340  0.001845  0.096340  0.000000 -0.000000 ) 
 ( -0.001846 -0.096423  0.001846  0.096423 -0.000000  0.000000 ) 
     freq (   17) =      20.454830 [THz] =     682.299680 [cm-1]
 (  0.000000 -0.000021  0.000000 -0.000021  0.037840 -0.000000 ) 
 (  0.000015 -0.000015  0.000015 -0.000015  0.014458  0.014458 ) 
 ( -0.009424  0.009424  0.009415 -0.009415  0.161222  0.161222 ) 
 (  0.009415 -0.009415 -0.009424  0.009424  0.161222  0.161222 ) 
 ( -0.000000 -0.472014 -0.000000 -0.472014  0.026169  0.000000 ) 
 (  0.000000  0.472495  0.000000  0.472495  0.026255  0.000000 ) 
     freq (   18) =      20.456833 [THz] =     682.366488 [cm-1]
 (  0.000000  0.000001 -0.000000  0.000001  0.020381  0.000000 ) 
 ( -0.000006  0.000006 -0.000006  0.000006 -0.026732 -0.026732 ) 
 ( -0.333926  0.333926  0.334023 -0.334023 -0.018575 -0.018575 ) 
 (  0.334023 -0.334023 -0.333926  0.333926 -0.018575 -0.018575 ) 
 (  0.000000  0.013282  0.000000  0.013282  0.227838 -0.000000 ) 
 ( -0.000000 -0.013310 -0.000000 -0.013310  0.227697  0.000000 ) 
 **************************************************************************
