Dynamical matrix file
Phonon dispersions for SnO2                                                
  2    6  6  9.1370330  1.0000000  0.6715977  0.0000000  0.0000000  0.0000000
           1  'Sn  '    108197.545983522     
           2  'O   '    14582.1964298742     
    1    1     -0.0003319700     -0.0003319700      0.0000000000
    2    1      0.4996674800      0.4996674800      0.3357988685
    3    2      0.8063691980      0.1929617810      0.3357988685
    4    2      0.1929617810      0.8063691980      0.3357988685
    5    2      0.3063704630      0.3063704630      0.0000000000
    6    2      0.6929630480      0.6929630480      0.0000000000

     Dynamical  Matrix in cartesian axes

     q = (    0.000000000   0.000000000   0.496328851 ) 

    1    1
  0.31101707  0.00000000    0.03636384  0.00000000    0.00000000 -0.00001776
  0.03636384  0.00000000    0.31101707  0.00000000    0.00000000 -0.00001776
  0.00000000  0.00001776    0.00000000  0.00001776    0.74937047  0.00000000
    1    2
 -0.03470035  0.06010276    0.00000345 -0.00000598   -0.00000793 -0.00000458
  0.00000345 -0.00000598   -0.03470035  0.06010276   -0.00000793 -0.00000458
  0.00000499  0.00000288    0.00000499  0.00000288    0.05135067 -0.08894196
    1    3
 -0.02123173  0.03677444    0.01769318 -0.03064549    0.05052772  0.02917220
  0.01766259 -0.03059250   -0.02121584  0.03674691   -0.05050038 -0.02915641
  0.04795379  0.02768614   -0.04798178 -0.02770229   -0.07110544  0.12315824
    1    4
 -0.02121584  0.03674691    0.01766259 -0.03059250   -0.05050038 -0.02915641
  0.01769318 -0.03064549   -0.02123173  0.03677444    0.05052772  0.02917220
 -0.04798178 -0.02770229    0.04795379  0.02768614   -0.07110544  0.12315824
    1    5
 -0.04395484  0.00000000   -0.05230849  0.00000000    0.00000000  0.01118027
 -0.05230849  0.00000000   -0.04395484  0.00000000    0.00000000  0.01118027
  0.00000000 -0.00001144    0.00000000 -0.00001144   -0.10394282  0.00000000
    1    6
 -0.04398992  0.00000000   -0.05234524  0.00000000    0.00000000 -0.01119677
 -0.05234524  0.00000000   -0.04398992  0.00000000    0.00000000 -0.01119677
  0.00000000  0.00007625    0.00000000  0.00007625   -0.10396833  0.00000000
    2    1
 -0.03470035 -0.06010276    0.00000345  0.00000598    0.00000499 -0.00000288
  0.00000345  0.00000598   -0.03470035 -0.06010276    0.00000499 -0.00000288
 -0.00000793  0.00000458   -0.00000793  0.00000458    0.05135067  0.08894196
    2    2
  0.31108373  0.00000000   -0.03749054  0.00000000    0.00000000  0.00011699
 -0.03749054  0.00000000    0.31108373  0.00000000    0.00000000  0.00011699
  0.00000000 -0.00011699    0.00000000 -0.00011699    0.74959164  0.00000000
    2    3
 -0.04426013  0.00000000    0.05200306  0.00000000    0.00000000  0.01101335
  0.05207436  0.00000000   -0.04425751  0.00000000    0.00000000 -0.01099750
  0.00000000 -0.00012369    0.00000000  0.00012828   -0.10376704  0.00000000
    2    4
 -0.04425751  0.00000000    0.05207436  0.00000000    0.00000000 -0.01099750
  0.05200306  0.00000000   -0.04426013  0.00000000    0.00000000  0.01101335
  0.00000000  0.00012828    0.00000000 -0.00012369   -0.10376704  0.00000000
    2    5
 -0.02116289 -0.03665520   -0.01775032 -0.03074445   -0.05031384  0.02904871
 -0.01775032 -0.03074445   -0.02116289 -0.03665520   -0.05031384  0.02904871
 -0.04790922  0.02766040   -0.04790922  0.02766040   -0.07112073 -0.12318471
    2    6
 -0.02114933 -0.03663171   -0.01773620 -0.03071999    0.05030838 -0.02904556
 -0.01773620 -0.03071999   -0.02114933 -0.03663171    0.05030838 -0.02904556
  0.04795652 -0.02768771    0.04795652 -0.02768771   -0.07110313 -0.12315424
    3    1
 -0.02123173 -0.03677444    0.01766259  0.03059250    0.04795379 -0.02768614
  0.01769318  0.03064549   -0.02121584 -0.03674691   -0.04798178  0.02770229
  0.05052772 -0.02917220   -0.05050038  0.02915641   -0.07110544 -0.12315824
    3    2
 -0.04426013  0.00000000    0.05207436  0.00000000    0.00000000  0.00012369
  0.05200306  0.00000000   -0.04425751  0.00000000    0.00000000 -0.00012828
  0.00000000 -0.01101335    0.00000000  0.01099750   -0.10376704  0.00000000
    3    3
  0.24179585  0.00000000   -0.17157471  0.00000000    0.00000000  0.00213515
 -0.17157471  0.00000000    0.24206396  0.00000000    0.00000000 -0.00211809
  0.00000000 -0.00213515    0.00000000  0.00211809    0.34395551  0.00000000
    3    4
 -0.04708180  0.00000000    0.04377473  0.00000000    0.00000000 -0.00272901
  0.04382155  0.00000000   -0.04708180  0.00000000    0.00000000  0.00274817
  0.00000000 -0.00274817    0.00000000  0.00272901    0.03863980  0.00000000
    3    5
 -0.01854905 -0.03212789   -0.00201205 -0.00348497    0.00100310 -0.00057914
  0.00202623  0.00350954    0.00140777  0.00243833    0.01057768 -0.00610703
 -0.00092516  0.00053414    0.01047572 -0.00604816    0.00336860  0.00583459
    3    6
  0.00140187  0.00242810    0.00202886  0.00351409   -0.01057225  0.00610389
 -0.00202052 -0.00349965   -0.01856211 -0.03215052   -0.00100895  0.00058252
 -0.01048119  0.00605132    0.00092212 -0.00053238    0.00337399  0.00584392
    4    1
 -0.02121584 -0.03674691    0.01769318  0.03064549   -0.04798178  0.02770229
  0.01766259  0.03059250   -0.02123173 -0.03677444    0.04795379 -0.02768614
 -0.05050038  0.02915641    0.05052772 -0.02917220   -0.07110544 -0.12315824
    4    2
 -0.04425751  0.00000000    0.05200306  0.00000000    0.00000000 -0.00012828
  0.05207436  0.00000000   -0.04426013  0.00000000    0.00000000  0.00012369
  0.00000000  0.01099750    0.00000000 -0.01101335   -0.10376704  0.00000000
    4    3
 -0.04708180  0.00000000    0.04382155  0.00000000    0.00000000  0.00274817
  0.04377473  0.00000000   -0.04708180  0.00000000    0.00000000 -0.00272901
  0.00000000  0.00272901    0.00000000 -0.00274817    0.03863980  0.00000000
    4    4
  0.24206396  0.00000000   -0.17157471  0.00000000    0.00000000 -0.00211809
 -0.17157471  0.00000000    0.24179585  0.00000000    0.00000000  0.00213515
  0.00000000  0.00211809    0.00000000 -0.00213515    0.34395551  0.00000000
    4    5
  0.00140777  0.00243833    0.00202623  0.00350954    0.01057768 -0.00610703
 -0.00201205 -0.00348497   -0.01854905 -0.03212789    0.00100310 -0.00057914
  0.01047572 -0.00604816   -0.00092516  0.00053414    0.00336860  0.00583459
    4    6
 -0.01856211 -0.03215052   -0.00202052 -0.00349965   -0.00100895  0.00058252
  0.00202886  0.00351409    0.00140187  0.00242810   -0.01057225  0.00610389
  0.00092212 -0.00053238   -0.01048119  0.00605132    0.00337399  0.00584392
    5    1
 -0.04395484  0.00000000   -0.05230849  0.00000000    0.00000000  0.00001144
 -0.05230849  0.00000000   -0.04395484  0.00000000    0.00000000  0.00001144
  0.00000000 -0.01118027    0.00000000 -0.01118027   -0.10394282  0.00000000
    5    2
 -0.02116289  0.03665520   -0.01775032  0.03074445   -0.04790922 -0.02766040
 -0.01775032  0.03074445   -0.02116289  0.03665520   -0.04790922 -0.02766040
 -0.05031384 -0.02904871   -0.05031384 -0.02904871   -0.07112073  0.12318471
    5    3
 -0.01854905  0.03212789    0.00202623 -0.00350954   -0.00092516 -0.00053414
 -0.00201205  0.00348497    0.00140777 -0.00243833    0.01047572  0.00604816
  0.00100310  0.00057914    0.01057768  0.00610703    0.00336860 -0.00583459
    5    4
  0.00140777 -0.00243833   -0.00201205  0.00348497    0.01047572  0.00604816
  0.00202623 -0.00350954   -0.01854905  0.03212789   -0.00092516 -0.00053414
  0.01057768  0.00610703    0.00100310  0.00057914    0.00336860 -0.00583459
    5    5
  0.24176076  0.00000000    0.17153325  0.00000000    0.00000000  0.00206139
  0.17153325  0.00000000    0.24176076  0.00000000    0.00000000  0.00206139
  0.00000000 -0.00206139    0.00000000 -0.00206139    0.34360892  0.00000000
    5    6
 -0.04700640  0.00000000   -0.04385350  0.00000000    0.00000000 -0.00275123
 -0.04385350  0.00000000   -0.04700640  0.00000000    0.00000000 -0.00275123
  0.00000000 -0.00273980    0.00000000 -0.00273980    0.03865895  0.00000000
    6    1
 -0.04398992  0.00000000   -0.05234524  0.00000000    0.00000000 -0.00007625
 -0.05234524  0.00000000   -0.04398992  0.00000000    0.00000000 -0.00007625
  0.00000000  0.01119677    0.00000000  0.01119677   -0.10396833  0.00000000
    6    2
 -0.02114933  0.03663171   -0.01773620  0.03071999    0.04795652  0.02768771
 -0.01773620  0.03071999   -0.02114933  0.03663171    0.04795652  0.02768771
  0.05030838  0.02904556    0.05030838  0.02904556   -0.07110313  0.12315424
    6    3
  0.00140187 -0.00242810   -0.00202052  0.00349965   -0.01048119 -0.00605132
  0.00202886 -0.00351409   -0.01856211  0.03215052    0.00092212  0.00053238
 -0.01057225 -0.00610389   -0.00100895 -0.00058252    0.00337399 -0.00584392
    6    4
 -0.01856211  0.03215052    0.00202886 -0.00351409    0.00092212  0.00053238
 -0.00202052  0.00349965    0.00140187 -0.00242810   -0.01048119 -0.00605132
 -0.00100895 -0.00058252   -0.01057225 -0.00610389    0.00337399 -0.00584392
    6    5
 -0.04700640  0.00000000   -0.04385350  0.00000000    0.00000000  0.00273980
 -0.04385350  0.00000000   -0.04700640  0.00000000    0.00000000  0.00273980
  0.00000000  0.00275123    0.00000000  0.00275123    0.03865895  0.00000000
    6    6
  0.24201052  0.00000000    0.17152800  0.00000000    0.00000000 -0.00210797
  0.17152800  0.00000000    0.24201052  0.00000000    0.00000000 -0.00210797
  0.00000000  0.00210797    0.00000000  0.00210797    0.34359703  0.00000000

     Dynamical  Matrix in cartesian axes

     q = (    0.000000000   0.000000000  -0.496328851 ) 

    1    1
  0.31101707  0.00000000    0.03636384  0.00000000    0.00000000  0.00001776
  0.03636384  0.00000000    0.31101707  0.00000000    0.00000000  0.00001776
  0.00000000 -0.00001776    0.00000000 -0.00001776    0.74937047  0.00000000
    1    2
 -0.03470035 -0.06010276    0.00000345  0.00000598   -0.00000793  0.00000458
  0.00000345  0.00000598   -0.03470035 -0.06010276   -0.00000793  0.00000458
  0.00000499 -0.00000288    0.00000499 -0.00000288    0.05135067  0.08894196
    1    3
 -0.02123173 -0.03677444    0.01769318  0.03064549    0.05052772 -0.02917220
  0.01766259  0.03059250   -0.02121584 -0.03674691   -0.05050038  0.02915641
  0.04795379 -0.02768614   -0.04798178  0.02770229   -0.07110544 -0.12315824
    1    4
 -0.02121584 -0.03674691    0.01766259  0.03059250   -0.05050038  0.02915641
  0.01769318  0.03064549   -0.02123173 -0.03677444    0.05052772 -0.02917220
 -0.04798178  0.02770229    0.04795379 -0.02768614   -0.07110544 -0.12315824
    1    5
 -0.04395484  0.00000000   -0.05230849  0.00000000    0.00000000 -0.01118027
 -0.05230849  0.00000000   -0.04395484  0.00000000    0.00000000 -0.01118027
  0.00000000  0.00001144    0.00000000  0.00001144   -0.10394282  0.00000000
    1    6
 -0.04398992  0.00000000   -0.05234524  0.00000000    0.00000000  0.01119677
 -0.05234524  0.00000000   -0.04398992  0.00000000    0.00000000  0.01119677
  0.00000000 -0.00007625    0.00000000 -0.00007625   -0.10396833  0.00000000
    2    1
 -0.03470035  0.06010276    0.00000345 -0.00000598    0.00000499  0.00000288
  0.00000345 -0.00000598   -0.03470035  0.06010276    0.00000499  0.00000288
 -0.00000793 -0.00000458   -0.00000793 -0.00000458    0.05135067 -0.08894196
    2    2
  0.31108373  0.00000000   -0.03749054  0.00000000    0.00000000 -0.00011699
 -0.03749054  0.00000000    0.31108373  0.00000000    0.00000000 -0.00011699
  0.00000000  0.00011699    0.00000000  0.00011699    0.74959164  0.00000000
    2    3
 -0.04426013  0.00000000    0.05200306  0.00000000    0.00000000 -0.01101335
  0.05207436  0.00000000   -0.04425751  0.00000000    0.00000000  0.01099750
  0.00000000  0.00012369    0.00000000 -0.00012828   -0.10376704  0.00000000
    2    4
 -0.04425751  0.00000000    0.05207436  0.00000000    0.00000000  0.01099750
  0.05200306  0.00000000   -0.04426013  0.00000000    0.00000000 -0.01101335
  0.00000000 -0.00012828    0.00000000  0.00012369   -0.10376704  0.00000000
    2    5
 -0.02116289  0.03665520   -0.01775032  0.03074445   -0.05031384 -0.02904871
 -0.01775032  0.03074445   -0.02116289  0.03665520   -0.05031384 -0.02904871
 -0.04790922 -0.02766040   -0.04790922 -0.02766040   -0.07112073  0.12318471
    2    6
 -0.02114933  0.03663171   -0.01773620  0.03071999    0.05030838  0.02904556
 -0.01773620  0.03071999   -0.02114933  0.03663171    0.05030838  0.02904556
  0.04795652  0.02768771    0.04795652  0.02768771   -0.07110313  0.12315424
    3    1
 -0.02123173  0.03677444    0.01766259 -0.03059250    0.04795379  0.02768614
  0.01769318 -0.03064549   -0.02121584  0.03674691   -0.04798178 -0.02770229
  0.05052772  0.02917220   -0.05050038 -0.02915641   -0.07110544  0.12315824
    3    2
 -0.04426013  0.00000000    0.05207436  0.00000000    0.00000000 -0.00012369
  0.05200306  0.00000000   -0.04425751  0.00000000    0.00000000  0.00012828
  0.00000000  0.01101335    0.00000000 -0.01099750   -0.10376704  0.00000000
    3    3
  0.24179585  0.00000000   -0.17157471  0.00000000    0.00000000 -0.00213515
 -0.17157471  0.00000000    0.24206396  0.00000000    0.00000000  0.00211809
  0.00000000  0.00213515    0.00000000 -0.00211809    0.34395551  0.00000000
    3    4
 -0.04708180  0.00000000    0.04377473  0.00000000    0.00000000  0.00272901
  0.04382155  0.00000000   -0.04708180  0.00000000    0.00000000 -0.00274817
  0.00000000  0.00274817    0.00000000 -0.00272901    0.03863980  0.00000000
    3    5
 -0.01854905  0.03212789   -0.00201205  0.00348497    0.00100310  0.00057914
  0.00202623 -0.00350954    0.00140777 -0.00243833    0.01057768  0.00610703
 -0.00092516 -0.00053414    0.01047572  0.00604816    0.00336860 -0.00583459
    3    6
  0.00140187 -0.00242810    0.00202886 -0.00351409   -0.01057225 -0.00610389
 -0.00202052  0.00349965   -0.01856211  0.03215052   -0.00100895 -0.00058252
 -0.01048119 -0.00605132    0.00092212  0.00053238    0.00337399 -0.00584392
    4    1
 -0.02121584  0.03674691    0.01769318 -0.03064549   -0.04798178 -0.02770229
  0.01766259 -0.03059250   -0.02123173  0.03677444    0.04795379  0.02768614
 -0.05050038 -0.02915641    0.05052772  0.02917220   -0.07110544  0.12315824
    4    2
 -0.04425751  0.00000000    0.05200306  0.00000000    0.00000000  0.00012828
  0.05207436  0.00000000   -0.04426013  0.00000000    0.00000000 -0.00012369
  0.00000000 -0.01099750    0.00000000  0.01101335   -0.10376704  0.00000000
    4    3
 -0.04708180  0.00000000    0.04382155  0.00000000    0.00000000 -0.00274817
  0.04377473  0.00000000   -0.04708180  0.00000000    0.00000000  0.00272901
  0.00000000 -0.00272901    0.00000000  0.00274817    0.03863980  0.00000000
    4    4
  0.24206396  0.00000000   -0.17157471  0.00000000    0.00000000  0.00211809
 -0.17157471  0.00000000    0.24179585  0.00000000    0.00000000 -0.00213515
  0.00000000 -0.00211809    0.00000000  0.00213515    0.34395551  0.00000000
    4    5
  0.00140777 -0.00243833    0.00202623 -0.00350954    0.01057768  0.00610703
 -0.00201205  0.00348497   -0.01854905  0.03212789    0.00100310  0.00057914
  0.01047572  0.00604816   -0.00092516 -0.00053414    0.00336860 -0.00583459
    4    6
 -0.01856211  0.03215052   -0.00202052  0.00349965   -0.00100895 -0.00058252
  0.00202886 -0.00351409    0.00140187 -0.00242810   -0.01057225 -0.00610389
  0.00092212  0.00053238   -0.01048119 -0.00605132    0.00337399 -0.00584392
    5    1
 -0.04395484  0.00000000   -0.05230849  0.00000000    0.00000000 -0.00001144
 -0.05230849  0.00000000   -0.04395484  0.00000000    0.00000000 -0.00001144
  0.00000000  0.01118027    0.00000000  0.01118027   -0.10394282  0.00000000
    5    2
 -0.02116289 -0.03665520   -0.01775032 -0.03074445   -0.04790922  0.02766040
 -0.01775032 -0.03074445   -0.02116289 -0.03665520   -0.04790922  0.02766040
 -0.05031384  0.02904871   -0.05031384  0.02904871   -0.07112073 -0.12318471
    5    3
 -0.01854905 -0.03212789    0.00202623  0.00350954   -0.00092516  0.00053414
 -0.00201205 -0.00348497    0.00140777  0.00243833    0.01047572 -0.00604816
  0.00100310 -0.00057914    0.01057768 -0.00610703    0.00336860  0.00583459
    5    4
  0.00140777  0.00243833   -0.00201205 -0.00348497    0.01047572 -0.00604816
  0.00202623  0.00350954   -0.01854905 -0.03212789   -0.00092516  0.00053414
  0.01057768 -0.00610703    0.00100310 -0.00057914    0.00336860  0.00583459
    5    5
  0.24176076  0.00000000    0.17153325  0.00000000    0.00000000 -0.00206139
  0.17153325  0.00000000    0.24176076  0.00000000    0.00000000 -0.00206139
  0.00000000  0.00206139    0.00000000  0.00206139    0.34360892  0.00000000
    5    6
 -0.04700640  0.00000000   -0.04385350  0.00000000    0.00000000  0.00275123
 -0.04385350  0.00000000   -0.04700640  0.00000000    0.00000000  0.00275123
  0.00000000  0.00273980    0.00000000  0.00273980    0.03865895  0.00000000
    6    1
 -0.04398992  0.00000000   -0.05234524  0.00000000    0.00000000  0.00007625
 -0.05234524  0.00000000   -0.04398992  0.00000000    0.00000000  0.00007625
  0.00000000 -0.01119677    0.00000000 -0.01119677   -0.10396833  0.00000000
    6    2
 -0.02114933 -0.03663171   -0.01773620 -0.03071999    0.04795652 -0.02768771
 -0.01773620 -0.03071999   -0.02114933 -0.03663171    0.04795652 -0.02768771
  0.05030838 -0.02904556    0.05030838 -0.02904556   -0.07110313 -0.12315424
    6    3
  0.00140187  0.00242810   -0.00202052 -0.00349965   -0.01048119  0.00605132
  0.00202886  0.00351409   -0.01856211 -0.03215052    0.00092212 -0.00053238
 -0.01057225  0.00610389   -0.00100895  0.00058252    0.00337399  0.00584392
    6    4
 -0.01856211 -0.03215052    0.00202886  0.00351409    0.00092212 -0.00053238
 -0.00202052 -0.00349965    0.00140187  0.00242810   -0.01048119  0.00605132
 -0.00100895  0.00058252   -0.01057225  0.00610389    0.00337399  0.00584392
    6    5
 -0.04700640  0.00000000   -0.04385350  0.00000000    0.00000000 -0.00273980
 -0.04385350  0.00000000   -0.04700640  0.00000000    0.00000000 -0.00273980
  0.00000000 -0.00275123    0.00000000 -0.00275123    0.03865895  0.00000000
    6    6
  0.24201052  0.00000000    0.17152800  0.00000000    0.00000000  0.00210797
  0.17152800  0.00000000    0.24201052  0.00000000    0.00000000  0.00210797
  0.00000000 -0.00210797    0.00000000 -0.00210797    0.34359703  0.00000000

     Diagonalizing the dynamical matrix

     q = (    0.000000000   0.000000000   0.496328851 ) 

 **************************************************************************
     freq (    1) =       3.114380 [THz] =     103.884528 [cm-1]
 ( -0.000000 -0.333890  0.000000 -0.333890 -0.000070 -0.000000 ) 
 (  0.408919 -0.236090  0.408919 -0.236090  0.000129  0.000223 ) 
 (  0.061553 -0.035537  0.061507 -0.035511  0.000051  0.000088 ) 
 (  0.061507 -0.035511  0.061553 -0.035537  0.000051  0.000088 ) 
 (  0.000000 -0.233834 -0.000000 -0.233834  0.214820  0.000000 ) 
 (  0.000000 -0.233785 -0.000000 -0.233785 -0.214759  0.000000 ) 
     freq (    2) =       3.133334 [THz] =     104.516767 [cm-1]
 ( -0.457602  0.123200  0.457602 -0.123200 -0.000000  0.000000 ) 
 ( -0.236085 -0.235522  0.236085  0.235522  0.000000 -0.000000 ) 
 ( -0.165880 -0.165485  0.164769  0.164376  0.152807 -0.153172 ) 
 ( -0.164769 -0.164376  0.165880  0.165485 -0.152807  0.153172 ) 
 ( -0.062822  0.016914  0.062822 -0.016914 -0.000000 -0.000000 ) 
 ( -0.061840  0.016649  0.061840 -0.016649  0.000000  0.000000 ) 
     freq (    3) =       5.565884 [THz] =     185.657891 [cm-1]
 ( -0.002277  0.000073  0.002277 -0.000073  0.000000  0.000000 ) 
 (  0.001332  0.002144 -0.001332 -0.002144  0.000000  0.000000 ) 
 (  0.186870  0.300818  0.185843  0.299164  0.001090 -0.000677 ) 
 ( -0.185843 -0.299164 -0.186870 -0.300818 -0.001090  0.000677 ) 
 (  0.358934 -0.011586 -0.358934  0.011586  0.000000  0.000000 ) 
 ( -0.348488  0.011249  0.348488 -0.011249  0.000000  0.000000 ) 
     freq (    4) =       5.804797 [THz] =     193.627183 [cm-1]
 ( -0.000000  0.309333  0.000000  0.309333  0.000186 -0.000000 ) 
 (  0.207270 -0.119667  0.207270 -0.119667  0.000152  0.000263 ) 
 ( -0.345346  0.199386 -0.344998  0.199185  0.000054  0.000094 ) 
 ( -0.344998  0.199185 -0.345346  0.199386  0.000054  0.000094 ) 
 (  0.000000  0.087554 -0.000000  0.087554  0.118485  0.000000 ) 
 (  0.000000  0.087508 -0.000000  0.087508 -0.118084  0.000000 ) 
     freq (    5) =       5.809996 [THz] =     193.800597 [cm-1]
 (  0.171611 -0.163302 -0.171611  0.163302  0.000000 -0.000000 ) 
 ( -0.296791 -0.087470  0.296791  0.087470  0.000000  0.000000 ) 
 ( -0.074888 -0.022071  0.094618  0.027886 -0.033152  0.112487 ) 
 ( -0.094618 -0.027886  0.074888  0.022071  0.033152 -0.112487 ) 
 ( -0.281841  0.268195  0.281841 -0.268195  0.000000 -0.000000 ) 
 ( -0.296223  0.281881  0.296223 -0.281881 -0.000000  0.000000 ) 
     freq (    6) =       6.824554 [THz] =     227.642619 [cm-1]
 (  0.000000  0.000311  0.000000  0.000311  0.485389  0.000000 ) 
 (  0.000022 -0.000013  0.000022 -0.000013  0.242080  0.419294 ) 
 ( -0.048987  0.028283  0.052748 -0.030454  0.177056  0.306671 ) 
 (  0.052748 -0.030454 -0.048987  0.028283  0.177056  0.306671 ) 
 ( -0.000000  0.058618 -0.000000  0.058618  0.354444  0.000000 ) 
 (  0.000000 -0.058808 -0.000000 -0.058808  0.354905  0.000000 ) 
     freq (    7) =       7.017111 [THz] =     234.065634 [cm-1]
 (  0.000000  0.123944 -0.000000  0.123944 -0.000643 -0.000000 ) 
 (  0.056155 -0.032421  0.056155 -0.032421 -0.000264 -0.000458 ) 
 (  0.422907 -0.244165  0.422499 -0.243930 -0.000198 -0.000343 ) 
 (  0.422499 -0.243930  0.422907 -0.244165 -0.000198 -0.000343 ) 
 (  0.000000 -0.037862 -0.000000 -0.037862 -0.033644 -0.000000 ) 
 (  0.000000 -0.037699 -0.000000 -0.037699  0.032816  0.000000 ) 
     freq (    8) =       7.026373 [THz] =     234.374560 [cm-1]
 (  0.056649  0.033814 -0.056649 -0.033814 -0.000000  0.000000 ) 
 (  0.001798 -0.123693 -0.001798  0.123693 -0.000000  0.000000 ) 
 ( -0.000528  0.036291  0.000587 -0.040384  0.031425  0.000457 ) 
 ( -0.000587  0.040384  0.000528 -0.036291 -0.031425 -0.000457 ) 
 (  0.418671  0.249903 -0.418671 -0.249903  0.000000  0.000000 ) 
 (  0.419493  0.250394 -0.419493 -0.250394 -0.000000  0.000000 ) 
     freq (    9) =       7.803881 [THz] =     260.309451 [cm-1]
 (  0.000000 -0.000008  0.000000 -0.000008 -0.673370  0.000000 ) 
 ( -0.000201  0.000116 -0.000201  0.000116  0.337434  0.584452 ) 
 (  0.070749 -0.040847 -0.071085  0.041041 -0.048164 -0.083422 ) 
 ( -0.071085  0.041041  0.070749 -0.040847 -0.048164 -0.083422 ) 
 ( -0.000000  0.081884 -0.000000  0.081884  0.097267  0.000000 ) 
 ( -0.000000 -0.081905  0.000000 -0.081905  0.097255  0.000000 ) 
     freq (   10) =       8.844997 [THz] =     295.037354 [cm-1]
 ( -0.000027  0.000004  0.000027 -0.000004  0.000000  0.000000 ) 
 (  0.000128  0.000159 -0.000128 -0.000159 -0.000000 -0.000000 ) 
 ( -0.221387 -0.276458 -0.221060 -0.276049 -0.000095  0.000076 ) 
 (  0.221060  0.276049  0.221387  0.276458  0.000095 -0.000076 ) 
 (  0.348241 -0.053212 -0.348241  0.053212 -0.000000  0.000000 ) 
 ( -0.350035  0.053486  0.350035 -0.053486 -0.000000  0.000000 ) 
     freq (   11) =      15.240733 [THz] =     508.376122 [cm-1]
 ( -0.000000 -0.009903  0.000000 -0.009903 -0.000009  0.000000 ) 
 (  0.036155 -0.020874  0.036155 -0.020874  0.000006  0.000010 ) 
 ( -0.028308  0.016343 -0.028247  0.016308 -0.000060 -0.000103 ) 
 ( -0.028247  0.016308 -0.028308  0.016343 -0.000060 -0.000103 ) 
 (  0.000000  0.032491 -0.000000  0.032491 -0.702678 -0.000000 ) 
 (  0.000000  0.032557  0.000000  0.032557  0.702898  0.000000 ) 
     freq (   12) =      15.249430 [THz] =     508.666245 [cm-1]
 (  0.024329 -0.034126 -0.024329  0.034126 -0.000000  0.000000 ) 
 (  0.009753  0.000937 -0.009753 -0.000937  0.000000 -0.000000 ) 
 ( -0.032895 -0.003159  0.032918  0.003161  0.067184 -0.699586 ) 
 ( -0.032918 -0.003161  0.032895  0.003159 -0.067184  0.699586 ) 
 ( -0.018470  0.025908  0.018470 -0.025908 -0.000000  0.000000 ) 
 ( -0.018491  0.025937  0.018491 -0.025937  0.000000  0.000000 ) 
     freq (   13) =      15.897171 [THz] =     530.272553 [cm-1]
 (  0.000000  0.041590 -0.000000  0.041590  0.000031  0.000000 ) 
 ( -0.026194  0.015123 -0.026194  0.015123  0.000032  0.000055 ) 
 ( -0.055802  0.032217 -0.055693  0.032154  0.000205  0.000354 ) 
 ( -0.055693  0.032154 -0.055802  0.032217  0.000205  0.000354 ) 
 (  0.000000 -0.493218 -0.000000 -0.493218 -0.057865  0.000000 ) 
 (  0.000000 -0.492462 -0.000000 -0.492462  0.056765  0.000000 ) 
     freq (   14) =      15.899556 [THz] =     530.352103 [cm-1]
 ( -0.029994  0.003722  0.029994 -0.003722  0.000000  0.000000 ) 
 ( -0.025083 -0.033196  0.025083  0.033196  0.000000  0.000000 ) 
 (  0.296938  0.392988 -0.297190 -0.393322  0.046424 -0.035077 ) 
 (  0.297190  0.393322 -0.296938 -0.392988 -0.046424  0.035077 ) 
 ( -0.063981  0.007940  0.063981 -0.007940 -0.000000 -0.000000 ) 
 ( -0.064140  0.007960  0.064140 -0.007960  0.000000  0.000000 ) 
     freq (   15) =      16.557331 [THz] =     552.293119 [cm-1]
 (  0.000000 -0.000031 -0.000000 -0.000031 -0.020691  0.000000 ) 
 (  0.000027 -0.000015  0.000027 -0.000015  0.010615  0.018385 ) 
 ( -0.022149  0.012788  0.022216 -0.012827  0.248796  0.430928 ) 
 (  0.022216 -0.012827 -0.022149  0.012788  0.248796  0.430928 ) 
 ( -0.000000 -0.024813 -0.000000 -0.024813 -0.499465  0.000000 ) 
 (  0.000000  0.025801  0.000000  0.025801 -0.499272  0.000000 ) 
     freq (   16) =      17.720587 [THz] =     591.095148 [cm-1]
 ( -0.000000 -0.000001 -0.000000 -0.000001 -0.061473  0.000000 ) 
 (  0.000003 -0.000002  0.000003 -0.000002 -0.030698 -0.053171 ) 
 (  0.192910 -0.111377 -0.193071  0.111470  0.193291  0.334790 ) 
 ( -0.193071  0.111470  0.192910 -0.111377  0.193291  0.334790 ) 
 ( -0.000000 -0.222918 -0.000000 -0.222918  0.384724  0.000000 ) 
 (  0.000000  0.223072  0.000000  0.223072  0.384705  0.000000 ) 
     freq (   17) =      18.899445 [THz] =     630.417626 [cm-1]
 (  0.000000  0.000015  0.000000  0.000015 -0.075365 -0.000000 ) 
 ( -0.000009  0.000005 -0.000009  0.000005 -0.037651 -0.065214 ) 
 ( -0.248216  0.143308  0.248319 -0.143367  0.143858  0.249170 ) 
 (  0.248319 -0.143367 -0.248216  0.143308  0.143858  0.249170 ) 
 (  0.000000  0.286963  0.000000  0.286963  0.286661 -0.000000 ) 
 ( -0.000000 -0.287462 -0.000000 -0.287462  0.286737  0.000000 ) 
     freq (   18) =      20.333159 [THz] =     678.241175 [cm-1]
 ( -0.000000 -0.000027 -0.000000 -0.000027 -0.021588  0.000000 ) 
 ( -0.000004  0.000002 -0.000004  0.000002  0.010754  0.018627 ) 
 ( -0.305169  0.176189  0.305433 -0.176342 -0.019572 -0.033900 ) 
 (  0.305433 -0.176342 -0.305169  0.176189 -0.019572 -0.033900 ) 
 (  0.000000 -0.351806  0.000000 -0.351806  0.039647  0.000000 ) 
 ( -0.000000  0.352299 -0.000000  0.352299  0.039461  0.000000 ) 
 **************************************************************************
