Dynamical matrix file
Phonon dispersions for SnO2                                                
  2    6  6  9.1370330  1.0000000  0.6715977  0.0000000  0.0000000  0.0000000
           1  'Sn  '    108197.545983522     
           2  'O   '    14582.1964298742     
    1    1     -0.0003319700     -0.0003319700      0.0000000000
    2    1      0.4996674800      0.4996674800      0.3357988685
    3    2      0.8063691980      0.1929617810      0.3357988685
    4    2      0.1929617810      0.8063691980      0.3357988685
    5    2      0.3063704630      0.3063704630      0.0000000000
    6    2      0.6929630480      0.6929630480      0.0000000000

     Dynamical  Matrix in cartesian axes

     q = (    0.333333333   0.333333333   0.496328851 ) 

    1    1
  0.34734442  0.00000000    0.06258001  0.00000000    0.02042091  0.00000052
  0.06258001  0.00000000    0.34734442  0.00000000    0.02042091  0.00000052
  0.02042091 -0.00000052    0.02042091 -0.00000052    0.71066719  0.00000000
    1    2
  0.01542774  0.00004897   -0.07053775 -0.00005784   -0.10707546  0.00003737
 -0.07053775 -0.00005784    0.01542774  0.00004897   -0.10707546  0.00003737
 -0.03838452  0.00001077   -0.03838452  0.00001077   -0.02329150  0.00000504
    1    3
  0.05104973 -0.01044830   -0.02823630  0.00733036    0.01355209 -0.05976630
 -0.02823125 -0.00742893    0.05107802  0.01054548    0.01347623  0.05977735
  0.00487972 -0.05742537    0.00490718  0.05740951    0.10936897 -0.00000065
    1    4
  0.05107802  0.01054548   -0.02823125 -0.00742893    0.01347623  0.05977735
 -0.02823630  0.00733036    0.05104973 -0.01044830    0.01355209 -0.05976630
  0.00490718  0.05740951    0.00487972 -0.05742537    0.10936897 -0.00000065
    1    5
 -0.07515812  0.00793011   -0.05808818  0.02123616    0.00076992  0.01416583
 -0.05808818  0.02123616   -0.07515812  0.00793011    0.00076992  0.01416583
 -0.00888404  0.03124059   -0.00888404  0.03124059   -0.02173367  0.04180945
    1    6
  0.04437056 -0.06109778    0.04739196 -0.03966790    0.01183745  0.00770117
  0.04739196 -0.03966790    0.04437056 -0.06109778    0.01183745  0.00770117
  0.03143035  0.00791556    0.03143035  0.00791556    0.04693344  0.00212452
    2    1
  0.01542774 -0.00004897   -0.07053775  0.00005784   -0.03838452 -0.00001077
 -0.07053775  0.00005784    0.01542774 -0.00004897   -0.03838452 -0.00001077
 -0.10707546 -0.00003737   -0.10707546 -0.00003737   -0.02329150 -0.00000504
    2    2
  0.33469827  0.00000000   -0.04509704  0.00000000    0.00537481  0.00008459
 -0.04509704  0.00000000    0.33469827  0.00000000    0.00537481  0.00008459
  0.00537481 -0.00008459    0.00537481 -0.00008459    0.70771075  0.00000000
    2    3
 -0.05459340 -0.00858957    0.03732988 -0.00076875   -0.01137478  0.00899947
  0.03735470  0.00065840   -0.05463713  0.00870984   -0.01133661 -0.00901049
 -0.01197680  0.02268572   -0.01200376 -0.02265813   -0.02094936 -0.00001234
    2    4
 -0.05463713  0.00870984    0.03735470  0.00065840   -0.01133661 -0.00901049
  0.03732988 -0.00076875   -0.05459340 -0.00858957   -0.01137478  0.00899947
 -0.01200376 -0.02265813   -0.01197680  0.02268572   -0.02094936 -0.00001234
    2    5
 -0.02690666 -0.04342303   -0.01185565 -0.03059252   -0.05057625  0.02618366
 -0.01185565 -0.03059252   -0.02690666 -0.04342303   -0.05057625  0.02618366
 -0.04762619  0.02669814   -0.04762619  0.02669814   -0.05087845 -0.09489910
    2    6
 -0.02412012 -0.04501949   -0.02054037 -0.02556771    0.04799938 -0.03070519
 -0.02054037 -0.02556771   -0.02412012 -0.04501949    0.04799938 -0.03070519
  0.04704138 -0.02792638    0.04704138 -0.02792638   -0.05660209 -0.09139372
    3    1
  0.05104973  0.01044830   -0.02823125  0.00742893    0.00487972  0.05742537
 -0.02823630 -0.00733036    0.05107802 -0.01054548    0.00490718 -0.05740951
  0.01355209  0.05976630    0.01347623 -0.05977735    0.10936897  0.00000065
    3    2
 -0.05459340  0.00858957    0.03735470 -0.00065840   -0.01197680 -0.02268572
  0.03732988  0.00076875   -0.05463713 -0.00870984   -0.01200376  0.02265813
 -0.01137478 -0.00899947   -0.01133661  0.00901049   -0.02094936  0.00001234
    3    3
  0.24259859  0.00000000   -0.17217247 -0.00107005    0.00275435 -0.00009710
 -0.17217247  0.00107005    0.24308975  0.00000000    0.00264561  0.00002953
  0.00275435  0.00009710    0.00264561 -0.00002953    0.31507351  0.00000000
    3    4
 -0.04024633  0.00343559    0.05149790  0.00000000    0.00228352 -0.00324117
  0.05116486  0.00000000   -0.04024633 -0.00343559    0.00236437  0.00327948
  0.00236437 -0.00327948    0.00228352  0.00324117    0.01468114  0.00000000
    3    5
  0.01014741 -0.01635209    0.01287752  0.00463978   -0.02439466  0.04395995
  0.00512808  0.01165024   -0.00550167  0.00478946    0.00795407 -0.00229309
 -0.02005895  0.05179129    0.00669813  0.01750006    0.00226516 -0.00242827
    3    6
  0.00691167 -0.00235777    0.00755527  0.01024897   -0.00594506  0.00575156
 -0.00239776  0.01347346   -0.01924252  0.00059614    0.05025709  0.00085959
  0.01182363  0.01455919    0.05490234  0.00851839   -0.00320145  0.00075991
    4    1
  0.05107802 -0.01054548   -0.02823630 -0.00733036    0.00490718 -0.05740951
 -0.02823125  0.00742893    0.05104973  0.01044830    0.00487972  0.05742537
  0.01347623 -0.05977735    0.01355209  0.05976630    0.10936897  0.00000065
    4    2
 -0.05463713 -0.00870984    0.03732988  0.00076875   -0.01200376  0.02265813
  0.03735470 -0.00065840   -0.05459340  0.00858957   -0.01197680 -0.02268572
 -0.01133661  0.00901049   -0.01137478 -0.00899947   -0.02094936  0.00001234
    4    3
 -0.04024633 -0.00343559    0.05116486  0.00000000    0.00236437  0.00327948
  0.05149790  0.00000000   -0.04024633  0.00343559    0.00228352 -0.00324117
  0.00228352  0.00324117    0.00236437 -0.00327948    0.01468114  0.00000000
    4    4
  0.24308975  0.00000000   -0.17217247  0.00107005    0.00264561  0.00002953
 -0.17217247 -0.00107005    0.24259859  0.00000000    0.00275435 -0.00009710
  0.00264561 -0.00002953    0.00275435  0.00009710    0.31507351  0.00000000
    4    5
 -0.00550167  0.00478946    0.00512808  0.01165024    0.00795407 -0.00229309
  0.01287752  0.00463978    0.01014741 -0.01635209   -0.02439466  0.04395995
  0.00669813  0.01750006   -0.02005895  0.05179129    0.00226516 -0.00242827
    4    6
 -0.01924252  0.00059614   -0.00239776  0.01347346    0.05025709  0.00085959
  0.00755527  0.01024897    0.00691167 -0.00235777   -0.00594506  0.00575156
  0.05490234  0.00851839    0.01182363  0.01455919   -0.00320145  0.00075991
    5    1
 -0.07515812 -0.00793011   -0.05808818 -0.02123616   -0.00888404 -0.03124059
 -0.05808818 -0.02123616   -0.07515812 -0.00793011   -0.00888404 -0.03124059
  0.00076992 -0.01416583    0.00076992 -0.01416583   -0.02173367 -0.04180945
    5    2
 -0.02690666  0.04342303   -0.01185565  0.03059252   -0.04762619 -0.02669814
 -0.01185565  0.03059252   -0.02690666  0.04342303   -0.04762619 -0.02669814
 -0.05057625 -0.02618366   -0.05057625 -0.02618366   -0.05087845  0.09489910
    5    3
  0.01014741  0.01635209    0.00512808 -0.01165024   -0.02005895 -0.05179129
  0.01287752 -0.00463978   -0.00550167 -0.00478946    0.00669813 -0.01750006
 -0.02439466 -0.04395995    0.00795407  0.00229309    0.00226516  0.00242827
    5    4
 -0.00550167 -0.00478946    0.01287752 -0.00463978    0.00669813 -0.01750006
  0.00512808 -0.01165024    0.01014741  0.01635209   -0.02005895 -0.05179129
  0.00795407  0.00229309   -0.02439466 -0.04395995    0.00226516  0.00242827
    5    5
  0.24378706  0.00000000    0.17376543  0.00000000    0.00687164  0.00007883
  0.17376543  0.00000000    0.24378706  0.00000000    0.00687164  0.00007883
  0.00687164 -0.00007883    0.00687164 -0.00007883    0.31815245  0.00000000
    5    6
 -0.03793358  0.00128378   -0.04892766 -0.00633374    0.00045285 -0.00861992
 -0.04892766 -0.00633374   -0.03793358  0.00128378    0.00045285 -0.00861992
  0.00045682 -0.00861505    0.00045682 -0.00861505    0.01210375 -0.00695359
    6    1
  0.04437056  0.06109778    0.04739196  0.03966790    0.03143035 -0.00791556
  0.04739196  0.03966790    0.04437056  0.06109778    0.03143035 -0.00791556
  0.01183745 -0.00770117    0.01183745 -0.00770117    0.04693344 -0.00212452
    6    2
 -0.02412012  0.04501949   -0.02054037  0.02556771    0.04704138  0.02792638
 -0.02054037  0.02556771   -0.02412012  0.04501949    0.04704138  0.02792638
  0.04799938  0.03070519    0.04799938  0.03070519   -0.05660209  0.09139372
    6    3
  0.00691167  0.00235777   -0.00239776 -0.01347346    0.01182363 -0.01455919
  0.00755527 -0.01024897   -0.01924252 -0.00059614    0.05490234 -0.00851839
 -0.00594506 -0.00575156    0.05025709 -0.00085959   -0.00320145 -0.00075991
    6    4
 -0.01924252 -0.00059614    0.00755527 -0.01024897    0.05490234 -0.00851839
 -0.00239776 -0.01347346    0.00691167  0.00235777    0.01182363 -0.01455919
  0.05025709 -0.00085959   -0.00594506 -0.00575156   -0.00320145 -0.00075991
    6    5
 -0.03793358 -0.00128378   -0.04892766  0.00633374    0.00045682  0.00861505
 -0.04892766  0.00633374   -0.03793358 -0.00128378    0.00045682  0.00861505
  0.00045285  0.00861992    0.00045285  0.00861992    0.01210375  0.00695359
    6    6
  0.24410392  0.00000000    0.17382708  0.00000000    0.00691797 -0.00004911
  0.17382708  0.00000000    0.24410392  0.00000000    0.00691797 -0.00004911
  0.00691797  0.00004911    0.00691797  0.00004911    0.31828071  0.00000000

     Dynamical  Matrix in cartesian axes

     q = (   -0.333333333  -0.333333333  -0.496328851 ) 

    1    1
  0.34734442  0.00000000    0.06258001  0.00000000    0.02042091 -0.00000052
  0.06258001  0.00000000    0.34734442  0.00000000    0.02042091 -0.00000052
  0.02042091  0.00000052    0.02042091  0.00000052    0.71066719  0.00000000
    1    2
  0.01542774 -0.00004897   -0.07053775  0.00005784   -0.10707546 -0.00003737
 -0.07053775  0.00005784    0.01542774 -0.00004897   -0.10707546 -0.00003737
 -0.03838452 -0.00001077   -0.03838452 -0.00001077   -0.02329150 -0.00000504
    1    3
  0.05104973  0.01044830   -0.02823630 -0.00733036    0.01355209  0.05976630
 -0.02823125  0.00742893    0.05107802 -0.01054548    0.01347623 -0.05977735
  0.00487972  0.05742537    0.00490718 -0.05740951    0.10936897  0.00000065
    1    4
  0.05107802 -0.01054548   -0.02823125  0.00742893    0.01347623 -0.05977735
 -0.02823630 -0.00733036    0.05104973  0.01044830    0.01355209  0.05976630
  0.00490718 -0.05740951    0.00487972  0.05742537    0.10936897  0.00000065
    1    5
 -0.07515812 -0.00793011   -0.05808818 -0.02123616    0.00076992 -0.01416583
 -0.05808818 -0.02123616   -0.07515812 -0.00793011    0.00076992 -0.01416583
 -0.00888404 -0.03124059   -0.00888404 -0.03124059   -0.02173367 -0.04180945
    1    6
  0.04437056  0.06109778    0.04739196  0.03966790    0.01183745 -0.00770117
  0.04739196  0.03966790    0.04437056  0.06109778    0.01183745 -0.00770117
  0.03143035 -0.00791556    0.03143035 -0.00791556    0.04693344 -0.00212452
    2    1
  0.01542774  0.00004897   -0.07053775 -0.00005784   -0.03838452  0.00001077
 -0.07053775 -0.00005784    0.01542774  0.00004897   -0.03838452  0.00001077
 -0.10707546  0.00003737   -0.10707546  0.00003737   -0.02329150  0.00000504
    2    2
  0.33469827  0.00000000   -0.04509704  0.00000000    0.00537481 -0.00008459
 -0.04509704  0.00000000    0.33469827  0.00000000    0.00537481 -0.00008459
  0.00537481  0.00008459    0.00537481  0.00008459    0.70771075  0.00000000
    2    3
 -0.05459340  0.00858957    0.03732988  0.00076875   -0.01137478 -0.00899947
  0.03735470 -0.00065840   -0.05463713 -0.00870984   -0.01133661  0.00901049
 -0.01197680 -0.02268572   -0.01200376  0.02265813   -0.02094936  0.00001234
    2    4
 -0.05463713 -0.00870984    0.03735470 -0.00065840   -0.01133661  0.00901049
  0.03732988  0.00076875   -0.05459340  0.00858957   -0.01137478 -0.00899947
 -0.01200376  0.02265813   -0.01197680 -0.02268572   -0.02094936  0.00001234
    2    5
 -0.02690666  0.04342303   -0.01185565  0.03059252   -0.05057625 -0.02618366
 -0.01185565  0.03059252   -0.02690666  0.04342303   -0.05057625 -0.02618366
 -0.04762619 -0.02669814   -0.04762619 -0.02669814   -0.05087845  0.09489910
    2    6
 -0.02412012  0.04501949   -0.02054037  0.02556771    0.04799938  0.03070519
 -0.02054037  0.02556771   -0.02412012  0.04501949    0.04799938  0.03070519
  0.04704138  0.02792638    0.04704138  0.02792638   -0.05660209  0.09139372
    3    1
  0.05104973 -0.01044830   -0.02823125 -0.00742893    0.00487972 -0.05742537
 -0.02823630  0.00733036    0.05107802  0.01054548    0.00490718  0.05740951
  0.01355209 -0.05976630    0.01347623  0.05977735    0.10936897 -0.00000065
    3    2
 -0.05459340 -0.00858957    0.03735470  0.00065840   -0.01197680  0.02268572
  0.03732988 -0.00076875   -0.05463713  0.00870984   -0.01200376 -0.02265813
 -0.01137478  0.00899947   -0.01133661 -0.00901049   -0.02094936 -0.00001234
    3    3
  0.24259859  0.00000000   -0.17217247  0.00107005    0.00275435  0.00009710
 -0.17217247 -0.00107005    0.24308975  0.00000000    0.00264561 -0.00002953
  0.00275435 -0.00009710    0.00264561  0.00002953    0.31507351  0.00000000
    3    4
 -0.04024633 -0.00343559    0.05149790  0.00000000    0.00228352  0.00324117
  0.05116486  0.00000000   -0.04024633  0.00343559    0.00236437 -0.00327948
  0.00236437  0.00327948    0.00228352 -0.00324117    0.01468114  0.00000000
    3    5
  0.01014741  0.01635209    0.01287752 -0.00463978   -0.02439466 -0.04395995
  0.00512808 -0.01165024   -0.00550167 -0.00478946    0.00795407  0.00229309
 -0.02005895 -0.05179129    0.00669813 -0.01750006    0.00226516  0.00242827
    3    6
  0.00691167  0.00235777    0.00755527 -0.01024897   -0.00594506 -0.00575156
 -0.00239776 -0.01347346   -0.01924252 -0.00059614    0.05025709 -0.00085959
  0.01182363 -0.01455919    0.05490234 -0.00851839   -0.00320145 -0.00075991
    4    1
  0.05107802  0.01054548   -0.02823630  0.00733036    0.00490718  0.05740951
 -0.02823125 -0.00742893    0.05104973 -0.01044830    0.00487972 -0.05742537
  0.01347623  0.05977735    0.01355209 -0.05976630    0.10936897 -0.00000065
    4    2
 -0.05463713  0.00870984    0.03732988 -0.00076875   -0.01200376 -0.02265813
  0.03735470  0.00065840   -0.05459340 -0.00858957   -0.01197680  0.02268572
 -0.01133661 -0.00901049   -0.01137478  0.00899947   -0.02094936 -0.00001234
    4    3
 -0.04024633  0.00343559    0.05116486  0.00000000    0.00236437 -0.00327948
  0.05149790  0.00000000   -0.04024633 -0.00343559    0.00228352  0.00324117
  0.00228352 -0.00324117    0.00236437  0.00327948    0.01468114  0.00000000
    4    4
  0.24308975  0.00000000   -0.17217247 -0.00107005    0.00264561 -0.00002953
 -0.17217247  0.00107005    0.24259859  0.00000000    0.00275435  0.00009710
  0.00264561  0.00002953    0.00275435 -0.00009710    0.31507351  0.00000000
    4    5
 -0.00550167 -0.00478946    0.00512808 -0.01165024    0.00795407  0.00229309
  0.01287752 -0.00463978    0.01014741  0.01635209   -0.02439466 -0.04395995
  0.00669813 -0.01750006   -0.02005895 -0.05179129    0.00226516  0.00242827
    4    6
 -0.01924252 -0.00059614   -0.00239776 -0.01347346    0.05025709 -0.00085959
  0.00755527 -0.01024897    0.00691167  0.00235777   -0.00594506 -0.00575156
  0.05490234 -0.00851839    0.01182363 -0.01455919   -0.00320145 -0.00075991
    5    1
 -0.07515812  0.00793011   -0.05808818  0.02123616   -0.00888404  0.03124059
 -0.05808818  0.02123616   -0.07515812  0.00793011   -0.00888404  0.03124059
  0.00076992  0.01416583    0.00076992  0.01416583   -0.02173367  0.04180945
    5    2
 -0.02690666 -0.04342303   -0.01185565 -0.03059252   -0.04762619  0.02669814
 -0.01185565 -0.03059252   -0.02690666 -0.04342303   -0.04762619  0.02669814
 -0.05057625  0.02618366   -0.05057625  0.02618366   -0.05087845 -0.09489910
    5    3
  0.01014741 -0.01635209    0.00512808  0.01165024   -0.02005895  0.05179129
  0.01287752  0.00463978   -0.00550167  0.00478946    0.00669813  0.01750006
 -0.02439466  0.04395995    0.00795407 -0.00229309    0.00226516 -0.00242827
    5    4
 -0.00550167  0.00478946    0.01287752  0.00463978    0.00669813  0.01750006
  0.00512808  0.01165024    0.01014741 -0.01635209   -0.02005895  0.05179129
  0.00795407 -0.00229309   -0.02439466  0.04395995    0.00226516 -0.00242827
    5    5
  0.24378706  0.00000000    0.17376543  0.00000000    0.00687164 -0.00007883
  0.17376543  0.00000000    0.24378706  0.00000000    0.00687164 -0.00007883
  0.00687164  0.00007883    0.00687164  0.00007883    0.31815245  0.00000000
    5    6
 -0.03793358 -0.00128378   -0.04892766  0.00633374    0.00045285  0.00861992
 -0.04892766  0.00633374   -0.03793358 -0.00128378    0.00045285  0.00861992
  0.00045682  0.00861505    0.00045682  0.00861505    0.01210375  0.00695359
    6    1
  0.04437056 -0.06109778    0.04739196 -0.03966790    0.03143035  0.00791556
  0.04739196 -0.03966790    0.04437056 -0.06109778    0.03143035  0.00791556
  0.01183745  0.00770117    0.01183745  0.00770117    0.04693344  0.00212452
    6    2
 -0.02412012 -0.04501949   -0.02054037 -0.02556771    0.04704138 -0.02792638
 -0.02054037 -0.02556771   -0.02412012 -0.04501949    0.04704138 -0.02792638
  0.04799938 -0.03070519    0.04799938 -0.03070519   -0.05660209 -0.09139372
    6    3
  0.00691167 -0.00235777   -0.00239776  0.01347346    0.01182363  0.01455919
  0.00755527  0.01024897   -0.01924252  0.00059614    0.05490234  0.00851839
 -0.00594506  0.00575156    0.05025709  0.00085959   -0.00320145  0.00075991
    6    4
 -0.01924252  0.00059614    0.00755527  0.01024897    0.05490234  0.00851839
 -0.00239776  0.01347346    0.00691167 -0.00235777    0.01182363  0.01455919
  0.05025709  0.00085959   -0.00594506  0.00575156   -0.00320145  0.00075991
    6    5
 -0.03793358  0.00128378   -0.04892766 -0.00633374    0.00045682 -0.00861505
 -0.04892766 -0.00633374   -0.03793358  0.00128378    0.00045682 -0.00861505
  0.00045285 -0.00861992    0.00045285 -0.00861992    0.01210375 -0.00695359
    6    6
  0.24410392  0.00000000    0.17382708  0.00000000    0.00691797  0.00004911
  0.17382708  0.00000000    0.24410392  0.00000000    0.00691797  0.00004911
  0.00691797 -0.00004911    0.00691797 -0.00004911    0.31828071  0.00000000

     Dynamical  Matrix in cartesian axes

     q = (    0.333333333   0.333333333  -0.496328851 ) 

    1    1
  0.34734442  0.00000000    0.06258001  0.00000000   -0.02042091 -0.00000052
  0.06258001  0.00000000    0.34734442  0.00000000   -0.02042091 -0.00000052
 -0.02042091  0.00000052   -0.02042091  0.00000052    0.71066719  0.00000000
    1    2
 -0.00775628  0.01333633    0.03531897 -0.06105857   -0.05350537  0.09274875
  0.03531897 -0.06105857   -0.00775628  0.01333633   -0.05350537  0.09274875
 -0.01918294  0.03324735   -0.01918294  0.03324735    0.01164139 -0.02017355
    1    3
 -0.01647637  0.04943452    0.00776987 -0.02811853   -0.04498309 -0.04161960
  0.02054927 -0.02073452   -0.03467166  0.03896212    0.05850681  0.01821792
 -0.04729197 -0.03293864    0.05217168  0.02445501   -0.05468392  0.09471663
    1    4
 -0.03467166  0.03896212    0.02054927 -0.02073452    0.05850681  0.01821792
  0.00776987 -0.02811853   -0.01647637  0.04943452   -0.04498309 -0.04161960
  0.05217168  0.02445501   -0.04729197 -0.03293864   -0.05468392  0.09471663
    1    5
 -0.07515812  0.00793011   -0.05808818  0.02123616   -0.00076992 -0.01416583
 -0.05808818  0.02123616   -0.07515812  0.00793011   -0.00076992 -0.01416583
  0.00888404 -0.03124059    0.00888404 -0.03124059   -0.02173367  0.04180945
    1    6
  0.04437056 -0.06109778    0.04739196 -0.03966790   -0.01183745 -0.00770117
  0.04739196 -0.03966790    0.04437056 -0.06109778   -0.01183745 -0.00770117
 -0.03143035 -0.00791556   -0.03143035 -0.00791556    0.04693344  0.00212452
    2    1
 -0.00775628 -0.01333633    0.03531897  0.06105857   -0.01918294 -0.03324735
  0.03531897  0.06105857   -0.00775628 -0.01333633   -0.01918294 -0.03324735
 -0.05350537 -0.09274875   -0.05350537 -0.09274875    0.01164139  0.02017355
    2    2
  0.33469827  0.00000000   -0.04509704  0.00000000   -0.00537481 -0.00008459
 -0.04509704  0.00000000    0.33469827  0.00000000   -0.00537481 -0.00008459
 -0.00537481  0.00008459   -0.00537481  0.00008459    0.70771075  0.00000000
    2    3
 -0.05459340 -0.00858957    0.03732988 -0.00076875    0.01137478 -0.00899947
  0.03735470  0.00065840   -0.05463713  0.00870984    0.01133661  0.00901049
  0.01197680 -0.02268572    0.01200376  0.02265813   -0.02094936 -0.00001234
    2    4
 -0.05463713  0.00870984    0.03735470  0.00065840    0.01133661  0.00901049
  0.03732988 -0.00076875   -0.05459340 -0.00858957    0.01137478 -0.00899947
  0.01200376  0.02265813    0.01197680 -0.02268572   -0.02094936 -0.00001234
    2    5
 -0.02415212  0.04501337   -0.02056607  0.02556355   -0.04796384 -0.03070848
 -0.02056607  0.02556355   -0.02415212  0.04501337   -0.04796384 -0.03070848
 -0.04693436 -0.02789642   -0.04693436 -0.02789642   -0.05674581  0.09151158
    2    6
 -0.02692797  0.04339838   -0.01187210  0.03057234    0.05059117  0.02621609
 -0.01187210  0.03057234   -0.02692797  0.04339838    0.05059117  0.02621609
  0.04770564  0.02677584    0.04770564  0.02677584   -0.05084824  0.09471571
    3    1
 -0.01647637 -0.04943452    0.02054927  0.02073452   -0.04729197  0.03293864
  0.00776987  0.02811853   -0.03467166 -0.03896212    0.05217168 -0.02445501
 -0.04498309  0.04161960    0.05850681 -0.01821792   -0.05468392 -0.09471663
    3    2
 -0.05459340  0.00858957    0.03735470 -0.00065840    0.01197680  0.02268572
  0.03732988  0.00076875   -0.05463713 -0.00870984    0.01200376 -0.02265813
  0.01137478  0.00899947    0.01133661 -0.00901049   -0.02094936  0.00001234
    3    3
  0.24259859  0.00000000   -0.17217247 -0.00107005   -0.00275435  0.00009710
 -0.17217247  0.00107005    0.24308975  0.00000000   -0.00264561 -0.00002953
 -0.00275435 -0.00009710   -0.00264561  0.00002953    0.31507351  0.00000000
    3    4
 -0.04024633  0.00343559    0.05149790  0.00000000   -0.00228352  0.00324117
  0.05116486  0.00000000   -0.04024633 -0.00343559   -0.00236437 -0.00327948
 -0.00236437  0.00327948   -0.00228352 -0.00324117    0.01468114  0.00000000
    3    5
 -0.01923503 -0.00061187   -0.00242059 -0.01347215   -0.05026776  0.00085358
  0.00752536 -0.01026617    0.00689862  0.00236986    0.00596291  0.00574188
 -0.05488205  0.00852409   -0.01180643  0.01455078   -0.00323552 -0.00074755
    3    6
 -0.00549772 -0.00480680    0.00509824 -0.01166754   -0.00795353 -0.00227279
  0.01286724 -0.00466021    0.01013754  0.01636644    0.02438412  0.04395371
 -0.00669681  0.01751916    0.02007403  0.05180602    0.00225883  0.00239258
    4    1
 -0.03467166 -0.03896212    0.00776987  0.02811853    0.05217168 -0.02445501
  0.02054927  0.02073452   -0.01647637 -0.04943452   -0.04729197  0.03293864
  0.05850681 -0.01821792   -0.04498309  0.04161960   -0.05468392 -0.09471663
    4    2
 -0.05463713 -0.00870984    0.03732988  0.00076875    0.01200376 -0.02265813
  0.03735470 -0.00065840   -0.05459340  0.00858957    0.01197680  0.02268572
  0.01133661 -0.00901049    0.01137478  0.00899947   -0.02094936  0.00001234
    4    3
 -0.04024633 -0.00343559    0.05116486  0.00000000   -0.00236437 -0.00327948
  0.05149790  0.00000000   -0.04024633  0.00343559   -0.00228352  0.00324117
 -0.00228352 -0.00324117   -0.00236437  0.00327948    0.01468114  0.00000000
    4    4
  0.24308975  0.00000000   -0.17217247  0.00107005   -0.00264561 -0.00002953
 -0.17217247 -0.00107005    0.24259859  0.00000000   -0.00275435  0.00009710
 -0.00264561  0.00002953   -0.00275435 -0.00009710    0.31507351  0.00000000
    4    5
  0.00689862  0.00236986    0.00752536 -0.01026617    0.00596291  0.00574188
 -0.00242059 -0.01347215   -0.01923503 -0.00061187   -0.05026776  0.00085358
 -0.01180643  0.01455078   -0.05488205  0.00852409   -0.00323552 -0.00074755
    4    6
  0.01013754  0.01636644    0.01286724 -0.00466021    0.02438412  0.04395371
  0.00509824 -0.01166754   -0.00549772 -0.00480680   -0.00795353 -0.00227279
  0.02007403  0.05180602   -0.00669681  0.01751916    0.00225883  0.00239258
    5    1
 -0.07515812 -0.00793011   -0.05808818 -0.02123616    0.00888404  0.03124059
 -0.05808818 -0.02123616   -0.07515812 -0.00793011    0.00888404  0.03124059
 -0.00076992  0.01416583   -0.00076992  0.01416583   -0.02173367 -0.04180945
    5    2
 -0.02415212 -0.04501337   -0.02056607 -0.02556355   -0.04693436  0.02789642
 -0.02056607 -0.02556355   -0.02415212 -0.04501337   -0.04693436  0.02789642
 -0.04796384  0.03070848   -0.04796384  0.03070848   -0.05674581 -0.09151158
    5    3
 -0.01923503  0.00061187    0.00752536  0.01026617   -0.05488205 -0.00852409
 -0.00242059  0.01347215    0.00689862 -0.00236986   -0.01180643 -0.01455078
 -0.05026776 -0.00085358    0.00596291 -0.00574188   -0.00323552  0.00074755
    5    4
  0.00689862 -0.00236986   -0.00242059  0.01347215   -0.01180643 -0.01455078
  0.00752536  0.01026617   -0.01923503  0.00061187   -0.05488205 -0.00852409
  0.00596291 -0.00574188   -0.05026776 -0.00085358   -0.00323552  0.00074755
    5    5
  0.24378706  0.00000000    0.17376543  0.00000000   -0.00687164 -0.00007883
  0.17376543  0.00000000    0.24378706  0.00000000   -0.00687164 -0.00007883
 -0.00687164  0.00007883   -0.00687164  0.00007883    0.31815245  0.00000000
    5    6
 -0.03793358  0.00128378   -0.04892766 -0.00633374   -0.00045285  0.00861992
 -0.04892766 -0.00633374   -0.03793358  0.00128378   -0.00045285  0.00861992
 -0.00045682  0.00861505   -0.00045682  0.00861505    0.01210375 -0.00695359
    6    1
  0.04437056  0.06109778    0.04739196  0.03966790   -0.03143035  0.00791556
  0.04739196  0.03966790    0.04437056  0.06109778   -0.03143035  0.00791556
 -0.01183745  0.00770117   -0.01183745  0.00770117    0.04693344 -0.00212452
    6    2
 -0.02692797 -0.04339838   -0.01187210 -0.03057234    0.04770564 -0.02677584
 -0.01187210 -0.03057234   -0.02692797 -0.04339838    0.04770564 -0.02677584
  0.05059117 -0.02621609    0.05059117 -0.02621609   -0.05084824 -0.09471571
    6    3
 -0.00549772  0.00480680    0.01286724  0.00466021   -0.00669681 -0.01751916
  0.00509824  0.01166754    0.01013754 -0.01636644    0.02007403 -0.05180602
 -0.00795353  0.00227279    0.02438412 -0.04395371    0.00225883 -0.00239258
    6    4
  0.01013754 -0.01636644    0.00509824  0.01166754    0.02007403 -0.05180602
  0.01286724  0.00466021   -0.00549772  0.00480680   -0.00669681 -0.01751916
  0.02438412 -0.04395371   -0.00795353  0.00227279    0.00225883 -0.00239258
    6    5
 -0.03793358 -0.00128378   -0.04892766  0.00633374   -0.00045682 -0.00861505
 -0.04892766  0.00633374   -0.03793358 -0.00128378   -0.00045682 -0.00861505
 -0.00045285 -0.00861992   -0.00045285 -0.00861992    0.01210375  0.00695359
    6    6
  0.24410392  0.00000000    0.17382708  0.00000000   -0.00691797  0.00004911
  0.17382708  0.00000000    0.24410392  0.00000000   -0.00691797  0.00004911
 -0.00691797 -0.00004911   -0.00691797 -0.00004911    0.31828071  0.00000000

     Dynamical  Matrix in cartesian axes

     q = (   -0.333333333  -0.333333333   0.496328851 ) 

    1    1
  0.34734442  0.00000000    0.06258001  0.00000000   -0.02042091  0.00000052
  0.06258001  0.00000000    0.34734442  0.00000000   -0.02042091  0.00000052
 -0.02042091 -0.00000052   -0.02042091 -0.00000052    0.71066719  0.00000000
    1    2
 -0.00775628 -0.01333633    0.03531897  0.06105857   -0.05350537 -0.09274875
  0.03531897  0.06105857   -0.00775628 -0.01333633   -0.05350537 -0.09274875
 -0.01918294 -0.03324735   -0.01918294 -0.03324735    0.01164139  0.02017355
    1    3
 -0.01647637 -0.04943452    0.00776987  0.02811853   -0.04498309  0.04161960
  0.02054927  0.02073452   -0.03467166 -0.03896212    0.05850681 -0.01821792
 -0.04729197  0.03293864    0.05217168 -0.02445501   -0.05468392 -0.09471663
    1    4
 -0.03467166 -0.03896212    0.02054927  0.02073452    0.05850681 -0.01821792
  0.00776987  0.02811853   -0.01647637 -0.04943452   -0.04498309  0.04161960
  0.05217168 -0.02445501   -0.04729197  0.03293864   -0.05468392 -0.09471663
    1    5
 -0.07515812 -0.00793011   -0.05808818 -0.02123616   -0.00076992  0.01416583
 -0.05808818 -0.02123616   -0.07515812 -0.00793011   -0.00076992  0.01416583
  0.00888404  0.03124059    0.00888404  0.03124059   -0.02173367 -0.04180945
    1    6
  0.04437056  0.06109778    0.04739196  0.03966790   -0.01183745  0.00770117
  0.04739196  0.03966790    0.04437056  0.06109778   -0.01183745  0.00770117
 -0.03143035  0.00791556   -0.03143035  0.00791556    0.04693344 -0.00212452
    2    1
 -0.00775628  0.01333633    0.03531897 -0.06105857   -0.01918294  0.03324735
  0.03531897 -0.06105857   -0.00775628  0.01333633   -0.01918294  0.03324735
 -0.05350537  0.09274875   -0.05350537  0.09274875    0.01164139 -0.02017355
    2    2
  0.33469827  0.00000000   -0.04509704  0.00000000   -0.00537481  0.00008459
 -0.04509704  0.00000000    0.33469827  0.00000000   -0.00537481  0.00008459
 -0.00537481 -0.00008459   -0.00537481 -0.00008459    0.70771075  0.00000000
    2    3
 -0.05459340  0.00858957    0.03732988  0.00076875    0.01137478  0.00899947
  0.03735470 -0.00065840   -0.05463713 -0.00870984    0.01133661 -0.00901049
  0.01197680  0.02268572    0.01200376 -0.02265813   -0.02094936  0.00001234
    2    4
 -0.05463713 -0.00870984    0.03735470 -0.00065840    0.01133661 -0.00901049
  0.03732988  0.00076875   -0.05459340  0.00858957    0.01137478  0.00899947
  0.01200376 -0.02265813    0.01197680  0.02268572   -0.02094936  0.00001234
    2    5
 -0.02415212 -0.04501337   -0.02056607 -0.02556355   -0.04796384  0.03070848
 -0.02056607 -0.02556355   -0.02415212 -0.04501337   -0.04796384  0.03070848
 -0.04693436  0.02789642   -0.04693436  0.02789642   -0.05674581 -0.09151158
    2    6
 -0.02692797 -0.04339838   -0.01187210 -0.03057234    0.05059117 -0.02621609
 -0.01187210 -0.03057234   -0.02692797 -0.04339838    0.05059117 -0.02621609
  0.04770564 -0.02677584    0.04770564 -0.02677584   -0.05084824 -0.09471571
    3    1
 -0.01647637  0.04943452    0.02054927 -0.02073452   -0.04729197 -0.03293864
  0.00776987 -0.02811853   -0.03467166  0.03896212    0.05217168  0.02445501
 -0.04498309 -0.04161960    0.05850681  0.01821792   -0.05468392  0.09471663
    3    2
 -0.05459340 -0.00858957    0.03735470  0.00065840    0.01197680 -0.02268572
  0.03732988 -0.00076875   -0.05463713  0.00870984    0.01200376  0.02265813
  0.01137478 -0.00899947    0.01133661  0.00901049   -0.02094936 -0.00001234
    3    3
  0.24259859  0.00000000   -0.17217247  0.00107005   -0.00275435 -0.00009710
 -0.17217247 -0.00107005    0.24308975  0.00000000   -0.00264561  0.00002953
 -0.00275435  0.00009710   -0.00264561 -0.00002953    0.31507351  0.00000000
    3    4
 -0.04024633 -0.00343559    0.05149790  0.00000000   -0.00228352 -0.00324117
  0.05116486  0.00000000   -0.04024633  0.00343559   -0.00236437  0.00327948
 -0.00236437 -0.00327948   -0.00228352  0.00324117    0.01468114  0.00000000
    3    5
 -0.01923503  0.00061187   -0.00242059  0.01347215   -0.05026776 -0.00085358
  0.00752536  0.01026617    0.00689862 -0.00236986    0.00596291 -0.00574188
 -0.05488205 -0.00852409   -0.01180643 -0.01455078   -0.00323552  0.00074755
    3    6
 -0.00549772  0.00480680    0.00509824  0.01166754   -0.00795353  0.00227279
  0.01286724  0.00466021    0.01013754 -0.01636644    0.02438412 -0.04395371
 -0.00669681 -0.01751916    0.02007403 -0.05180602    0.00225883 -0.00239258
    4    1
 -0.03467166  0.03896212    0.00776987 -0.02811853    0.05217168  0.02445501
  0.02054927 -0.02073452   -0.01647637  0.04943452   -0.04729197 -0.03293864
  0.05850681  0.01821792   -0.04498309 -0.04161960   -0.05468392  0.09471663
    4    2
 -0.05463713  0.00870984    0.03732988 -0.00076875    0.01200376  0.02265813
  0.03735470  0.00065840   -0.05459340 -0.00858957    0.01197680 -0.02268572
  0.01133661  0.00901049    0.01137478 -0.00899947   -0.02094936 -0.00001234
    4    3
 -0.04024633  0.00343559    0.05116486  0.00000000   -0.00236437  0.00327948
  0.05149790  0.00000000   -0.04024633 -0.00343559   -0.00228352 -0.00324117
 -0.00228352  0.00324117   -0.00236437 -0.00327948    0.01468114  0.00000000
    4    4
  0.24308975  0.00000000   -0.17217247 -0.00107005   -0.00264561  0.00002953
 -0.17217247  0.00107005    0.24259859  0.00000000   -0.00275435 -0.00009710
 -0.00264561 -0.00002953   -0.00275435  0.00009710    0.31507351  0.00000000
    4    5
  0.00689862 -0.00236986    0.00752536  0.01026617    0.00596291 -0.00574188
 -0.00242059  0.01347215   -0.01923503  0.00061187   -0.05026776 -0.00085358
 -0.01180643 -0.01455078   -0.05488205 -0.00852409   -0.00323552  0.00074755
    4    6
  0.01013754 -0.01636644    0.01286724  0.00466021    0.02438412 -0.04395371
  0.00509824  0.01166754   -0.00549772  0.00480680   -0.00795353  0.00227279
  0.02007403 -0.05180602   -0.00669681 -0.01751916    0.00225883 -0.00239258
    5    1
 -0.07515812  0.00793011   -0.05808818  0.02123616    0.00888404 -0.03124059
 -0.05808818  0.02123616   -0.07515812  0.00793011    0.00888404 -0.03124059
 -0.00076992 -0.01416583   -0.00076992 -0.01416583   -0.02173367  0.04180945
    5    2
 -0.02415212  0.04501337   -0.02056607  0.02556355   -0.04693436 -0.02789642
 -0.02056607  0.02556355   -0.02415212  0.04501337   -0.04693436 -0.02789642
 -0.04796384 -0.03070848   -0.04796384 -0.03070848   -0.05674581  0.09151158
    5    3
 -0.01923503 -0.00061187    0.00752536 -0.01026617   -0.05488205  0.00852409
 -0.00242059 -0.01347215    0.00689862  0.00236986   -0.01180643  0.01455078
 -0.05026776  0.00085358    0.00596291  0.00574188   -0.00323552 -0.00074755
    5    4
  0.00689862  0.00236986   -0.00242059 -0.01347215   -0.01180643  0.01455078
  0.00752536 -0.01026617   -0.01923503 -0.00061187   -0.05488205  0.00852409
  0.00596291  0.00574188   -0.05026776  0.00085358   -0.00323552 -0.00074755
    5    5
  0.24378706  0.00000000    0.17376543  0.00000000   -0.00687164  0.00007883
  0.17376543  0.00000000    0.24378706  0.00000000   -0.00687164  0.00007883
 -0.00687164 -0.00007883   -0.00687164 -0.00007883    0.31815245  0.00000000
    5    6
 -0.03793358 -0.00128378   -0.04892766  0.00633374   -0.00045285 -0.00861992
 -0.04892766  0.00633374   -0.03793358 -0.00128378   -0.00045285 -0.00861992
 -0.00045682 -0.00861505   -0.00045682 -0.00861505    0.01210375  0.00695359
    6    1
  0.04437056 -0.06109778    0.04739196 -0.03966790   -0.03143035 -0.00791556
  0.04739196 -0.03966790    0.04437056 -0.06109778   -0.03143035 -0.00791556
 -0.01183745 -0.00770117   -0.01183745 -0.00770117    0.04693344  0.00212452
    6    2
 -0.02692797  0.04339838   -0.01187210  0.03057234    0.04770564  0.02677584
 -0.01187210  0.03057234   -0.02692797  0.04339838    0.04770564  0.02677584
  0.05059117  0.02621609    0.05059117  0.02621609   -0.05084824  0.09471571
    6    3
 -0.00549772 -0.00480680    0.01286724 -0.00466021   -0.00669681  0.01751916
  0.00509824 -0.01166754    0.01013754  0.01636644    0.02007403  0.05180602
 -0.00795353 -0.00227279    0.02438412  0.04395371    0.00225883  0.00239258
    6    4
  0.01013754  0.01636644    0.00509824 -0.01166754    0.02007403  0.05180602
  0.01286724 -0.00466021   -0.00549772 -0.00480680   -0.00669681  0.01751916
  0.02438412  0.04395371   -0.00795353 -0.00227279    0.00225883  0.00239258
    6    5
 -0.03793358  0.00128378   -0.04892766 -0.00633374   -0.00045682  0.00861505
 -0.04892766 -0.00633374   -0.03793358  0.00128378   -0.00045682  0.00861505
 -0.00045285  0.00861992   -0.00045285  0.00861992    0.01210375 -0.00695359
    6    6
  0.24410392  0.00000000    0.17382708  0.00000000   -0.00691797 -0.00004911
  0.17382708  0.00000000    0.24410392  0.00000000   -0.00691797 -0.00004911
 -0.00691797  0.00004911   -0.00691797  0.00004911    0.31828071  0.00000000

     Diagonalizing the dynamical matrix

     q = (    0.333333333   0.333333333   0.496328851 ) 

 **************************************************************************
     freq (    1) =       2.992981 [THz] =      99.835089 [cm-1]
 ( -0.411653  0.187276  0.411653 -0.187276 -0.000000 -0.000000 ) 
 (  0.222907 -0.102128 -0.222907  0.102128  0.000000 -0.000000 ) 
 (  0.120207 -0.169906 -0.204326 -0.021076  0.108815  0.239771 ) 
 (  0.204326  0.021076 -0.120207  0.169906 -0.108815 -0.239771 ) 
 ( -0.153138  0.131000  0.153138 -0.131000  0.000000  0.000000 ) 
 (  0.122913  0.157448 -0.122913 -0.157448 -0.000000  0.000000 ) 
     freq (    2) =       3.622440 [THz] =     120.831599 [cm-1]
 ( -0.201539  0.114982 -0.201539  0.114982 -0.089066  0.050851 ) 
 ( -0.429576  0.244688 -0.429576  0.244688 -0.092548  0.052390 ) 
 ( -0.127757  0.101033 -0.152280  0.058026  0.053790 -0.030700 ) 
 ( -0.152280  0.058026 -0.127757  0.101033  0.053790 -0.030700 ) 
 ( -0.062118  0.163381 -0.062118  0.163381 -0.270073 -0.003140 ) 
 (  0.060207  0.163907  0.060207  0.163907  0.269816  0.000000 ) 
     freq (    3) =       4.630032 [THz] =     154.441255 [cm-1]
 (  0.334792  0.059636  0.334792  0.059636 -0.064928 -0.011750 ) 
 ( -0.139277 -0.024879 -0.139277 -0.024879  0.235081  0.041908 ) 
 ( -0.351417 -0.052376 -0.347711 -0.072095  0.051477  0.009238 ) 
 ( -0.347711 -0.072095 -0.351417 -0.052376  0.051477  0.009238 ) 
 (  0.119362  0.077007  0.119362  0.077007 -0.033311 -0.192912 ) 
 ( -0.095997 -0.104342 -0.095997 -0.104342  0.195644  0.000000 ) 
     freq (    4) =       5.385031 [THz] =     179.625315 [cm-1]
 ( -0.067862 -0.011083  0.067862  0.011083  0.000000  0.000000 ) 
 ( -0.231982 -0.034395  0.231982  0.034395 -0.000000 -0.000000 ) 
 ( -0.066438 -0.195074  0.115829 -0.167376 -0.022461  0.147885 ) 
 ( -0.115829  0.167376  0.066438  0.195074  0.022461 -0.147885 ) 
 ( -0.355078  0.209026  0.355078 -0.209026 -0.000000  0.000000 ) 
 ( -0.121425  0.386631  0.121425 -0.386631 -0.000000  0.000000 ) 
     freq (    5) =       6.204645 [THz] =     206.964665 [cm-1]
 ( -0.028174  0.088508  0.028174 -0.088508 -0.000000  0.000000 ) 
 ( -0.027311  0.081816  0.027311 -0.081816  0.000000  0.000000 ) 
 (  0.373613  0.132470  0.382502  0.103418  0.010128  0.003574 ) 
 ( -0.382502 -0.103418 -0.373613 -0.132470 -0.010128 -0.003574 ) 
 (  0.235251 -0.170563 -0.235251  0.170563 -0.000000 -0.000000 ) 
 ( -0.186414  0.224709  0.186414 -0.224709  0.000000  0.000000 ) 
     freq (    6) =       6.572827 [THz] =     219.245922 [cm-1]
 (  0.012449  0.031385 -0.012449 -0.031385  0.000000  0.000000 ) 
 (  0.023770  0.059919 -0.023770 -0.059919 -0.000000 -0.000000 ) 
 (  0.205487 -0.090377  0.213511 -0.068477 -0.005086  0.001695 ) 
 ( -0.213511  0.068477 -0.205487  0.090377  0.005086 -0.001695 ) 
 ( -0.263603  0.356427  0.263603 -0.356427  0.000000  0.000000 ) 
 ( -0.149748 -0.418397  0.149748  0.418397 -0.000000  0.000000 ) 
     freq (    7) =       7.349855 [THz] =     245.164761 [cm-1]
 (  0.042251 -0.009312  0.042251 -0.009312 -0.008235  0.003354 ) 
 ( -0.081914  0.018259 -0.081914  0.018259  0.172316 -0.038893 ) 
 (  0.469217 -0.102699  0.467394 -0.107953  0.008454 -0.002600 ) 
 (  0.467394 -0.107953  0.469217 -0.102699  0.008454 -0.002600 ) 
 (  0.000790  0.047158  0.000790  0.047158  0.082403  0.057447 ) 
 ( -0.027623  0.038214 -0.027623  0.038214 -0.100486  0.000000 ) 
     freq (    8) =       7.595693 [THz] =     253.365046 [cm-1]
 ( -0.046899  0.006204 -0.046899  0.006204 -0.790941  0.101550 ) 
 (  0.108504 -0.013347  0.108504 -0.013347  0.036012 -0.006576 ) 
 (  0.059576  0.103863  0.030678 -0.122212  0.346628 -0.044679 ) 
 (  0.030678 -0.122212  0.059576  0.103863  0.346628 -0.044679 ) 
 (  0.002291 -0.035618  0.002291 -0.035618 -0.077559 -0.080264 ) 
 (  0.024151 -0.026183  0.024151 -0.026183  0.110072  0.000000 ) 
     freq (    9) =       8.150287 [THz] =     271.864323 [cm-1]
 ( -0.049101 -0.085967  0.049101  0.085967  0.000000 -0.000000 ) 
 ( -0.059663 -0.103642  0.059663  0.103642 -0.000000 -0.000000 ) 
