Dynamical matrix file
Phonon dispersions for SnO2                                                
  2    6  6  9.1370330  1.0000000  0.6715977  0.0000000  0.0000000  0.0000000
           1  'Sn  '    108197.545983522     
           2  'O   '    14582.1964298742     
    1    1     -0.0003319700     -0.0003319700      0.0000000000
    2    1      0.4996674800      0.4996674800      0.3357988685
    3    2      0.8063691980      0.1929617810      0.3357988685
    4    2      0.1929617810      0.8063691980      0.3357988685
    5    2      0.3063704630      0.3063704630      0.0000000000
    6    2      0.6929630480      0.6929630480      0.0000000000

     Dynamical  Matrix in cartesian axes

     q = (    0.250000000   0.250000000   0.000000000 ) 

    1    1
  0.51704689  0.00000000    0.03420551  0.00000000    0.00000000  0.00000000
  0.03420551  0.00000000    0.51704689  0.00000000    0.00000000  0.00000000
  0.00000000  0.00000000    0.00000000  0.00000000    0.35662555  0.00000000
    1    2
  0.00000958  0.04863836    0.00000068 -0.14818820    0.00000000  0.00000000
  0.00000068 -0.14818820    0.00000958  0.04863836    0.00000000  0.00000000
  0.00000000  0.00000000    0.00000000  0.00000000    0.00000021 -0.00046278
    1    3
  0.02730319  0.11335222   -0.02136097 -0.04564446    0.00000000  0.00000000
  0.02145255 -0.04570299   -0.02739890  0.11334419    0.00000000  0.00000000
  0.00000000  0.00000000    0.00000000  0.00000000    0.00000000  0.16998698
    1    4
 -0.02739890  0.11334419    0.02145255 -0.04570299    0.00000000  0.00000000
 -0.02136097 -0.04564446    0.02730319  0.11335222    0.00000000  0.00000000
  0.00000000  0.00000000    0.00000000  0.00000000    0.00000000  0.16998698
    1    5
 -0.10793973  0.01370467   -0.08035098  0.05523694    0.00000000  0.00000000
 -0.08035098  0.05523694   -0.10793973  0.01370467    0.00000000  0.00000000
  0.00000000  0.00000000    0.00000000  0.00000000   -0.01417203 -0.00261452
    1    6
  0.10792536  0.01370129    0.08034736  0.05523908    0.00000000  0.00000000
  0.08034736  0.05523908    0.10792536  0.01370129    0.00000000  0.00000000
  0.00000000  0.00000000    0.00000000  0.00000000    0.01417266 -0.00261464
    2    1
  0.00000958 -0.04863836    0.00000068  0.14818820    0.00000000  0.00000000
  0.00000068  0.14818820    0.00000958 -0.04863836    0.00000000  0.00000000
  0.00000000  0.00000000    0.00000000  0.00000000    0.00000021  0.00046278
    2    2
  0.49211411  0.00000000    0.07326417  0.00000000    0.00000000  0.00000000
  0.07326417  0.00000000    0.49211411  0.00000000    0.00000000  0.00000000
  0.00000000  0.00000000    0.00000000  0.00000000    0.35708283  0.00000000
    2    3
 -0.07166206 -0.01963085    0.02043277  0.01255256    0.00000000  0.00000000
  0.02059359 -0.01266419   -0.07152924  0.01972566    0.00000000  0.00000000
  0.00000000  0.00000000    0.00000000  0.00000000   -0.01181962  0.00000000
    2    4
 -0.07152924  0.01972566    0.02059359 -0.01266419    0.00000000  0.00000000
  0.02043277  0.01255256   -0.07166206 -0.01963085    0.00000000  0.00000000
  0.00000000  0.00000000    0.00000000  0.00000000   -0.01181962  0.00000000
    2    5
 -0.12705411 -0.00968990   -0.09463990 -0.02741841    0.00000000  0.00000000
 -0.09463990 -0.02741841   -0.12705411 -0.00968990    0.00000000  0.00000000
  0.00000000  0.00000000    0.00000000  0.00000000   -0.16960649 -0.00125774
    2    6
 -0.12705920  0.00968415   -0.09464438  0.02741901    0.00000000  0.00000000
 -0.09464438  0.02741901   -0.12705920  0.00968415    0.00000000  0.00000000
  0.00000000  0.00000000    0.00000000  0.00000000   -0.16961577  0.00125781
    3    1
  0.02730319 -0.11335222    0.02145255  0.04570299    0.00000000  0.00000000
 -0.02136097  0.04564446   -0.02739890 -0.11334419    0.00000000  0.00000000
  0.00000000  0.00000000    0.00000000  0.00000000    0.00000000 -0.16998698
    3    2
 -0.07166206  0.01963085    0.02059359  0.01266419    0.00000000  0.00000000
  0.02043277 -0.01255256   -0.07152924 -0.01972566    0.00000000  0.00000000
  0.00000000  0.00000000    0.00000000  0.00000000   -0.01181962 -0.00000000
    3    3
  0.25723556  0.00000000   -0.17312773  0.00708816    0.00000000  0.00000000
 -0.17312773 -0.00708816    0.25738353  0.00000000    0.00000000  0.00000000
  0.00000000  0.00000000    0.00000000  0.00000000    0.24693962  0.00000000
    3    4
 -0.04441197  0.00844834    0.06228798  0.00000000    0.00000000  0.00000000
  0.06234868  0.00000000   -0.04441197 -0.00844834    0.00000000  0.00000000
  0.00000000  0.00000000    0.00000000  0.00000000    0.00650146  0.00000000
    3    5
 -0.02859209 -0.03128836    0.01896778 -0.01335262    0.00000000  0.00000000
  0.02957469  0.00625483    0.01406676  0.01967477    0.00000000  0.00000000
  0.00000000  0.00000000    0.00000000  0.00000000   -0.01694960 -0.01806309
    3    6
  0.01401298 -0.01964694    0.02961777 -0.00626585    0.00000000  0.00000000
  0.01898069  0.01331783   -0.02860253  0.03130129    0.00000000  0.00000000
  0.00000000  0.00000000    0.00000000  0.00000000   -0.01694949  0.01806337
    4    1
 -0.02739890 -0.11334419   -0.02136097  0.04564446    0.00000000  0.00000000
  0.02145255  0.04570299    0.02730319 -0.11335222    0.00000000  0.00000000
  0.00000000  0.00000000    0.00000000  0.00000000    0.00000000 -0.16998698
    4    2
 -0.07152924 -0.01972566    0.02043277 -0.01255256    0.00000000  0.00000000
  0.02059359  0.01266419   -0.07166206  0.01963085    0.00000000  0.00000000
  0.00000000  0.00000000    0.00000000  0.00000000   -0.01181962 -0.00000000
    4    3
 -0.04441197 -0.00844834    0.06234868  0.00000000    0.00000000  0.00000000
  0.06228798  0.00000000   -0.04441197  0.00844834    0.00000000  0.00000000
  0.00000000  0.00000000    0.00000000  0.00000000    0.00650146  0.00000000
    4    4
  0.25738353  0.00000000   -0.17312773 -0.00708816    0.00000000  0.00000000
 -0.17312773  0.00708816    0.25723556  0.00000000    0.00000000  0.00000000
  0.00000000  0.00000000    0.00000000  0.00000000    0.24693962  0.00000000
    4    5
  0.01406676  0.01967477    0.02957469  0.00625483    0.00000000  0.00000000
  0.01896778 -0.01335262   -0.02859209 -0.03128836    0.00000000  0.00000000
  0.00000000  0.00000000    0.00000000  0.00000000   -0.01694960 -0.01806309
    4    6
 -0.02860253  0.03130129    0.01898069  0.01331783    0.00000000  0.00000000
  0.02961777 -0.00626585    0.01401298 -0.01964694    0.00000000  0.00000000
  0.00000000  0.00000000    0.00000000  0.00000000   -0.01694949  0.01806337
    5    1
 -0.10793973 -0.01370467   -0.08035098 -0.05523694    0.00000000  0.00000000
 -0.08035098 -0.05523694   -0.10793973 -0.01370467    0.00000000  0.00000000
  0.00000000  0.00000000    0.00000000  0.00000000   -0.01417203  0.00261452
    5    2
 -0.12705411  0.00968990   -0.09463990  0.02741841    0.00000000  0.00000000
 -0.09463990  0.02741841   -0.12705411  0.00968990    0.00000000  0.00000000
  0.00000000  0.00000000    0.00000000  0.00000000   -0.16960649  0.00125774
    5    3
 -0.02859209  0.03128836    0.02957469 -0.00625483    0.00000000  0.00000000
  0.01896778  0.01335262    0.01406676 -0.01967477    0.00000000  0.00000000
  0.00000000  0.00000000    0.00000000  0.00000000   -0.01694960  0.01806309
    5    4
  0.01406676 -0.01967477    0.01896778  0.01335262    0.00000000  0.00000000
  0.02957469 -0.00625483   -0.02859209  0.03128836    0.00000000  0.00000000
  0.00000000  0.00000000    0.00000000  0.00000000   -0.01694960  0.01806309
    5    5
  0.27753156  0.00000000    0.20277828  0.00000000    0.00000000  0.00000000
  0.20277828  0.00000000    0.27753156  0.00000000    0.00000000  0.00000000
  0.00000000  0.00000000    0.00000000  0.00000000    0.24717616  0.00000000
    5    6
 -0.02575838 -0.02081960   -0.03146773 -0.03462918    0.00000000  0.00000000
 -0.03146773 -0.03462918   -0.02575838 -0.02081960    0.00000000  0.00000000
  0.00000000  0.00000000    0.00000000  0.00000000    0.00815091  0.00024737
    6    1
  0.10792536 -0.01370129    0.08034736 -0.05523908    0.00000000  0.00000000
  0.08034736 -0.05523908    0.10792536 -0.01370129    0.00000000  0.00000000
  0.00000000  0.00000000    0.00000000  0.00000000    0.01417266  0.00261464
    6    2
 -0.12705920 -0.00968415   -0.09464438 -0.02741901    0.00000000  0.00000000
 -0.09464438 -0.02741901   -0.12705920 -0.00968415    0.00000000  0.00000000
  0.00000000  0.00000000    0.00000000  0.00000000   -0.16961577 -0.00125781
    6    3
  0.01401298  0.01964694    0.01898069 -0.01331783    0.00000000  0.00000000
  0.02961777  0.00626585   -0.02860253 -0.03130129    0.00000000  0.00000000
  0.00000000  0.00000000    0.00000000  0.00000000   -0.01694949 -0.01806337
    6    4
 -0.02860253 -0.03130129    0.02961777  0.00626585    0.00000000  0.00000000
  0.01898069 -0.01331783    0.01401298  0.01964694    0.00000000  0.00000000
  0.00000000  0.00000000    0.00000000  0.00000000   -0.01694949 -0.01806337
    6    5
 -0.02575838  0.02081960   -0.03146773  0.03462918    0.00000000  0.00000000
 -0.03146773  0.03462918   -0.02575838  0.02081960    0.00000000  0.00000000
  0.00000000  0.00000000    0.00000000  0.00000000    0.00815091 -0.00024737
    6    6
  0.27777805  0.00000000    0.20276833  0.00000000    0.00000000  0.00000000
  0.20276833  0.00000000    0.27777805  0.00000000    0.00000000  0.00000000
  0.00000000  0.00000000    0.00000000  0.00000000    0.24719520  0.00000000

     Dynamical  Matrix in cartesian axes

     q = (   -0.250000000  -0.250000000   0.000000000 ) 

    1    1
  0.51704689  0.00000000    0.03420551  0.00000000    0.00000000  0.00000000
  0.03420551  0.00000000    0.51704689  0.00000000    0.00000000  0.00000000
  0.00000000  0.00000000    0.00000000  0.00000000    0.35662555  0.00000000
    1    2
  0.00000958 -0.04863836    0.00000068  0.14818820    0.00000000  0.00000000
  0.00000068  0.14818820    0.00000958 -0.04863836    0.00000000  0.00000000
  0.00000000  0.00000000    0.00000000  0.00000000    0.00000021  0.00046278
    1    3
  0.02730319 -0.11335222   -0.02136097  0.04564446    0.00000000  0.00000000
  0.02145255  0.04570299   -0.02739890 -0.11334419    0.00000000  0.00000000
  0.00000000  0.00000000    0.00000000  0.00000000    0.00000000 -0.16998698
    1    4
 -0.02739890 -0.11334419    0.02145255  0.04570299    0.00000000  0.00000000
 -0.02136097  0.04564446    0.02730319 -0.11335222    0.00000000  0.00000000
  0.00000000  0.00000000    0.00000000  0.00000000    0.00000000 -0.16998698
    1    5
 -0.10793973 -0.01370467   -0.08035098 -0.05523694    0.00000000  0.00000000
 -0.08035098 -0.05523694   -0.10793973 -0.01370467    0.00000000  0.00000000
  0.00000000  0.00000000    0.00000000  0.00000000   -0.01417203  0.00261452
    1    6
  0.10792536 -0.01370129    0.08034736 -0.05523908    0.00000000  0.00000000
  0.08034736 -0.05523908    0.10792536 -0.01370129    0.00000000  0.00000000
  0.00000000  0.00000000    0.00000000  0.00000000    0.01417266  0.00261464
    2    1
  0.00000958  0.04863836    0.00000068 -0.14818820    0.00000000  0.00000000
  0.00000068 -0.14818820    0.00000958  0.04863836    0.00000000  0.00000000
  0.00000000  0.00000000    0.00000000  0.00000000    0.00000021 -0.00046278
    2    2
  0.49211411  0.00000000    0.07326417  0.00000000    0.00000000  0.00000000
  0.07326417  0.00000000    0.49211411  0.00000000    0.00000000  0.00000000
  0.00000000  0.00000000    0.00000000  0.00000000    0.35708283  0.00000000
    2    3
 -0.07166206  0.01963085    0.02043277 -0.01255256    0.00000000  0.00000000
  0.02059359  0.01266419   -0.07152924 -0.01972566    0.00000000  0.00000000
  0.00000000  0.00000000    0.00000000  0.00000000   -0.01181962 -0.00000000
    2    4
 -0.07152924 -0.01972566    0.02059359  0.01266419    0.00000000  0.00000000
  0.02043277 -0.01255256   -0.07166206  0.01963085    0.00000000  0.00000000
  0.00000000  0.00000000    0.00000000  0.00000000   -0.01181962 -0.00000000
    2    5
 -0.12705411  0.00968990   -0.09463990  0.02741841    0.00000000  0.00000000
 -0.09463990  0.02741841   -0.12705411  0.00968990    0.00000000  0.00000000
  0.00000000  0.00000000    0.00000000  0.00000000   -0.16960649  0.00125774
    2    6
 -0.12705920 -0.00968415   -0.09464438 -0.02741901    0.00000000  0.00000000
 -0.09464438 -0.02741901   -0.12705920 -0.00968415    0.00000000  0.00000000
  0.00000000  0.00000000    0.00000000  0.00000000   -0.16961577 -0.00125781
    3    1
  0.02730319  0.11335222    0.02145255 -0.04570299    0.00000000  0.00000000
 -0.02136097 -0.04564446   -0.02739890  0.11334419    0.00000000  0.00000000
  0.00000000  0.00000000    0.00000000  0.00000000    0.00000000  0.16998698
    3    2
 -0.07166206 -0.01963085    0.02059359 -0.01266419    0.00000000  0.00000000
  0.02043277  0.01255256   -0.07152924  0.01972566    0.00000000  0.00000000
  0.00000000  0.00000000    0.00000000  0.00000000   -0.01181962  0.00000000
    3    3
  0.25723556  0.00000000   -0.17312773 -0.00708816    0.00000000  0.00000000
 -0.17312773  0.00708816    0.25738353  0.00000000    0.00000000  0.00000000
  0.00000000  0.00000000    0.00000000  0.00000000    0.24693962  0.00000000
    3    4
 -0.04441197 -0.00844834    0.06228798  0.00000000    0.00000000  0.00000000
  0.06234868  0.00000000   -0.04441197  0.00844834    0.00000000  0.00000000
  0.00000000  0.00000000    0.00000000  0.00000000    0.00650146  0.00000000
    3    5
 -0.02859209  0.03128836    0.01896778  0.01335262    0.00000000  0.00000000
  0.02957469 -0.00625483    0.01406676 -0.01967477    0.00000000  0.00000000
  0.00000000  0.00000000    0.00000000  0.00000000   -0.01694960  0.01806309
    3    6
  0.01401298  0.01964694    0.02961777  0.00626585    0.00000000  0.00000000
  0.01898069 -0.01331783   -0.02860253 -0.03130129    0.00000000  0.00000000
  0.00000000  0.00000000    0.00000000  0.00000000   -0.01694949 -0.01806337
    4    1
 -0.02739890  0.11334419   -0.02136097 -0.04564446    0.00000000  0.00000000
  0.02145255 -0.04570299    0.02730319  0.11335222    0.00000000  0.00000000
  0.00000000  0.00000000    0.00000000  0.00000000    0.00000000  0.16998698
    4    2
 -0.07152924  0.01972566    0.02043277  0.01255256    0.00000000  0.00000000
  0.02059359 -0.01266419   -0.07166206 -0.01963085    0.00000000  0.00000000
  0.00000000  0.00000000    0.00000000  0.00000000   -0.01181962  0.00000000
    4    3
 -0.04441197  0.00844834    0.06234868  0.00000000    0.00000000  0.00000000
  0.06228798  0.00000000   -0.04441197 -0.00844834    0.00000000  0.00000000
  0.00000000  0.00000000    0.00000000  0.00000000    0.00650146  0.00000000
    4    4
  0.25738353  0.00000000   -0.17312773  0.00708816    0.00000000  0.00000000
 -0.17312773 -0.00708816    0.25723556  0.00000000    0.00000000  0.00000000
  0.00000000  0.00000000    0.00000000  0.00000000    0.24693962  0.00000000
    4    5
  0.01406676 -0.01967477    0.02957469 -0.00625483    0.00000000  0.00000000
  0.01896778  0.01335262   -0.02859209  0.03128836    0.00000000  0.00000000
  0.00000000  0.00000000    0.00000000  0.00000000   -0.01694960  0.01806309
    4    6
 -0.02860253 -0.03130129    0.01898069 -0.01331783    0.00000000  0.00000000
  0.02961777  0.00626585    0.01401298  0.01964694    0.00000000  0.00000000
  0.00000000  0.00000000    0.00000000  0.00000000   -0.01694949 -0.01806337
    5    1
 -0.10793973  0.01370467   -0.08035098  0.05523694    0.00000000  0.00000000
 -0.08035098  0.05523694   -0.10793973  0.01370467    0.00000000  0.00000000
  0.00000000  0.00000000    0.00000000  0.00000000   -0.01417203 -0.00261452
    5    2
 -0.12705411 -0.00968990   -0.09463990 -0.02741841    0.00000000  0.00000000
 -0.09463990 -0.02741841   -0.12705411 -0.00968990    0.00000000  0.00000000
  0.00000000  0.00000000    0.00000000  0.00000000   -0.16960649 -0.00125774
    5    3
 -0.02859209 -0.03128836    0.02957469  0.00625483    0.00000000  0.00000000
  0.01896778 -0.01335262    0.01406676  0.01967477    0.00000000  0.00000000
  0.00000000  0.00000000    0.00000000  0.00000000   -0.01694960 -0.01806309
    5    4
  0.01406676  0.01967477    0.01896778 -0.01335262    0.00000000  0.00000000
  0.02957469  0.00625483   -0.02859209 -0.03128836    0.00000000  0.00000000
  0.00000000  0.00000000    0.00000000  0.00000000   -0.01694960 -0.01806309
    5    5
  0.27753156  0.00000000    0.20277828  0.00000000    0.00000000  0.00000000
  0.20277828  0.00000000    0.27753156  0.00000000    0.00000000  0.00000000
  0.00000000  0.00000000    0.00000000  0.00000000    0.24717616  0.00000000
    5    6
 -0.02575838  0.02081960   -0.03146773  0.03462918    0.00000000  0.00000000
 -0.03146773  0.03462918   -0.02575838  0.02081960    0.00000000  0.00000000
  0.00000000  0.00000000    0.00000000  0.00000000    0.00815091 -0.00024737
    6    1
  0.10792536  0.01370129    0.08034736  0.05523908    0.00000000  0.00000000
  0.08034736  0.05523908    0.10792536  0.01370129    0.00000000  0.00000000
  0.00000000  0.00000000    0.00000000  0.00000000    0.01417266 -0.00261464
    6    2
 -0.12705920  0.00968415   -0.09464438  0.02741901    0.00000000  0.00000000
 -0.09464438  0.02741901   -0.12705920  0.00968415    0.00000000  0.00000000
  0.00000000  0.00000000    0.00000000  0.00000000   -0.16961577  0.00125781
    6    3
  0.01401298 -0.01964694    0.01898069  0.01331783    0.00000000  0.00000000
  0.02961777 -0.00626585   -0.02860253  0.03130129    0.00000000  0.00000000
  0.00000000  0.00000000    0.00000000  0.00000000   -0.01694949  0.01806337
    6    4
 -0.02860253  0.03130129    0.02961777 -0.00626585    0.00000000  0.00000000
  0.01898069  0.01331783    0.01401298 -0.01964694    0.00000000  0.00000000
  0.00000000  0.00000000    0.00000000  0.00000000   -0.01694949  0.01806337
    6    5
 -0.02575838 -0.02081960   -0.03146773 -0.03462918    0.00000000  0.00000000
 -0.03146773 -0.03462918   -0.02575838 -0.02081960    0.00000000  0.00000000
  0.00000000  0.00000000    0.00000000  0.00000000    0.00815091  0.00024737
    6    6
  0.27777805  0.00000000    0.20276833  0.00000000    0.00000000  0.00000000
  0.20276833  0.00000000    0.27777805  0.00000000    0.00000000  0.00000000
  0.00000000  0.00000000    0.00000000  0.00000000    0.24719520  0.00000000

     Diagonalizing the dynamical matrix

     q = (    0.250000000   0.250000000   0.000000000 ) 

 **************************************************************************
     freq (    1) =       1.495940 [THz] =      49.899179 [cm-1]
 ( -0.251990 -0.163014  0.251990  0.163014  0.000000 -0.000000 ) 
 (  0.170183 -0.263912 -0.170183  0.263912  0.000000 -0.000000 ) 
 (  0.216333 -0.206563 -0.096603  0.278389  0.000000  0.000000 ) 
 (  0.096603 -0.278389 -0.216333  0.206563  0.000000  0.000000 ) 
 (  0.068028 -0.252327 -0.068028  0.252327  0.000000 -0.000000 ) 
 (  0.198975 -0.164701 -0.198975  0.164701  0.000000  0.000000 ) 
     freq (    2) =       2.460816 [THz] =      82.083985 [cm-1]
 (  0.000000  0.000000 -0.000000 -0.000000 -0.127680 -0.456926 ) 
 ( -0.000000  0.000000  0.000000 -0.000000  0.410653 -0.114748 ) 
 ( -0.000000  0.000000 -0.000000 -0.000000  0.395879 -0.110621 ) 
 (  0.000000  0.000000  0.000000 -0.000000  0.395879 -0.110621 ) 
 ( -0.000000  0.000000  0.000000 -0.000000  0.305472 -0.185176 ) 
 (  0.000000  0.000000 -0.000000 -0.000000  0.357204  0.000000 ) 
     freq (    3) =       3.842196 [THz] =     128.161849 [cm-1]
 ( -0.000000  0.000000  0.000000 -0.000000 -0.102827  0.485824 ) 
 ( -0.000000 -0.000000  0.000000 -0.000000  0.542355  0.114793 ) 
 ( -0.000000  0.000000 -0.000000  0.000000 -0.286271 -0.060590 ) 
 (  0.000000 -0.000000  0.000000 -0.000000 -0.286271 -0.060590 ) 
 ( -0.000000  0.000000  0.000000 -0.000000  0.338909  0.150197 ) 
 (  0.000000 -0.000000 -0.000000  0.000000  0.370692  0.000000 ) 
     freq (    4) =       4.406929 [THz] =     146.999334 [cm-1]
 (  0.055764 -0.052953 -0.055764  0.052953 -0.000000  0.000000 ) 
 ( -0.014295 -0.013981  0.014295  0.013981  0.000000  0.000000 ) 
 (  0.255323 -0.257594  0.265431 -0.248477 -0.000000 -0.000000 ) 
 ( -0.265431  0.248477 -0.255323  0.257594 -0.000000 -0.000000 ) 
 (  0.028265 -0.338840 -0.028265  0.338840  0.000000  0.000000 ) 
 ( -0.337652  0.018078  0.337652 -0.018078  0.000000  0.000000 ) 
     freq (    5) =       4.689346 [THz] =     156.419748 [cm-1]
 (  0.201472  0.207655  0.201472  0.207655 -0.000000  0.000000 ) 
 ( -0.152793  0.148402 -0.152793  0.148402 -0.000000  0.000000 ) 
 ( -0.287373  0.270590 -0.279026  0.278957 -0.000000 -0.000000 ) 
 ( -0.279026  0.278957 -0.287373  0.270590 -0.000000 -0.000000 ) 
 ( -0.000159  0.172522 -0.000159  0.172522 -0.000000  0.000000 ) 
 ( -0.172211 -0.004918 -0.172211 -0.004918 -0.000000  0.000000 ) 
     freq (    6) =       5.602795 [THz] =     186.889114 [cm-1]
 (  0.311238 -0.051821  0.311238 -0.051821  0.000000 -0.000000 ) 
 ( -0.077767 -0.465901 -0.077767 -0.465901 -0.000000 -0.000000 ) 
 (  0.009800  0.125725  0.031051  0.122120  0.000000 -0.000000 ) 
 (  0.031051  0.122120  0.009800  0.125725  0.000000  0.000000 ) 
 (  0.073753 -0.259504  0.073753 -0.259504 -0.000000 -0.000000 ) 
 ( -0.153949 -0.221523 -0.153949 -0.221523 -0.000000  0.000000 ) 
     freq (    7) =       6.495605 [THz] =     216.670053 [cm-1]
 ( -0.060716 -0.060436  0.060716  0.060436 -0.000000  0.000000 ) 
 (  0.015491 -0.015568 -0.015491  0.015568  0.000000  0.000000 ) 
 (  0.005833  0.047286  0.049697  0.003371  0.000000 -0.000000 ) 
 ( -0.049697 -0.003371 -0.005833 -0.047286 -0.000000  0.000000 ) 
 ( -0.004613  0.493155  0.004613 -0.493155  0.000000 -0.000000 ) 
 ( -0.494114  0.007476  0.494114 -0.007476  0.000000  0.000000 ) 
     freq (    8) =       7.542162 [THz] =     251.579461 [cm-1]
 ( -0.218413  0.055718  0.218413 -0.055718  0.000000  0.000000 ) 
 (  0.063836  0.251434 -0.063836 -0.251434 -0.000000  0.000000 ) 
 (  0.360596 -0.138356  0.383199 -0.050707 -0.000000  0.000000 ) 
 ( -0.383199  0.050707 -0.360596  0.138356  0.000000 -0.000000 ) 
 ( -0.192497  0.066966  0.192497 -0.066966 -0.000000 -0.000000 ) 
 (  0.202017 -0.031020 -0.202017  0.031020 -0.000000  0.000000 ) 
     freq (    9) =       9.267338 [THz] =     309.125119 [cm-1]
 ( -0.100080  0.083552 -0.100080  0.083552 -0.000000 -0.000000 ) 
 ( -0.024629 -0.029533 -0.024629 -0.029533  0.000000 -0.000000 ) 
 (  0.339543  0.334090  0.267694  0.393722  0.000000 -0.000000 ) 
 (  0.267694  0.393722  0.339543  0.334090  0.000000 -0.000000 ) 
 ( -0.089532 -0.077170 -0.089532 -0.077170 -0.000000 -0.000000 ) 
 ( -0.059846 -0.101925 -0.059846 -0.101925  0.000000  0.000000 ) 
     freq (   10) =       9.865292 [THz] =     329.070708 [cm-1]
 (  0.055413 -0.044614 -0.055413  0.044614 -0.000000 -0.000000 ) 
 ( -0.070498 -0.087039  0.070498  0.087039 -0.000000  0.000000 ) 
 (  0.278987 -0.109703  0.166029 -0.249028  0.000000  0.000000 ) 
 ( -0.166029  0.249028 -0.278987  0.109703 -0.000000 -0.000000 ) 
 ( -0.046335  0.385960  0.046335 -0.385960  0.000000 -0.000000 ) 
 (  0.387910  0.036837 -0.387910 -0.036837 -0.000000  0.000000 ) 
     freq (   11) =      12.855154 [THz] =     428.801779 [cm-1]
 (  0.000000  0.000000 -0.000000 -0.000000  0.094040  0.019750 ) 
 (  0.000000  0.000000  0.000000  0.000000 -0.008373  0.039960 ) 
 (  0.000000  0.000000 -0.000000 -0.000000  0.065117 -0.310086 ) 
 ( -0.000000  0.000000 -0.000000 -0.000000  0.065117 -0.310086 ) 
 ( -0.000000  0.000000  0.000000 -0.000000 -0.574824 -0.252706 ) 
 (  0.000000  0.000000 -0.000000 -0.000000  0.627718  0.000000 ) 
     freq (   12) =      13.358733 [THz] =     445.599364 [cm-1]
 ( -0.000000  0.000000  0.000000 -0.000000 -0.000000 -0.000000 ) 
 (  0.000000  0.000000 -0.000000 -0.000000  0.000000 -0.000000 ) 
 ( -0.000000 -0.000000  0.000000  0.000000  0.090901  0.701240 ) 
 ( -0.000000 -0.000000  0.000000 -0.000000 -0.090901 -0.701240 ) 
 (  0.000000 -0.000000 -0.000000  0.000000 -0.000000  0.000000 ) 
 ( -0.000000  0.000000  0.000000 -0.000000 -0.000000  0.000000 ) 
     freq (   13) =      14.177010 [THz] =     472.894142 [cm-1]
 ( -0.000000  0.000000  0.000000  0.000000 -0.031336  0.049062 ) 
 ( -0.000000 -0.000000  0.000000 -0.000000 -0.094480 -0.060395 ) 
 ( -0.000000 -0.000000 -0.000000  0.000000  0.268822  0.171719 ) 
 (  0.000000 -0.000000 -0.000000  0.000000  0.268822  0.171719 ) 
 ( -0.000000  0.000000 -0.000000 -0.000000  0.262158  0.566990 ) 
 (  0.000000 -0.000000  0.000000  0.000000  0.624762  0.000000 ) 
     freq (   14) =      15.471466 [THz] =     516.072555 [cm-1]
 (  0.000000 -0.000000 -0.000000  0.000000 -0.036930 -0.075866 ) 
 ( -0.000000  0.000000 -0.000000  0.000000 -0.059113  0.028764 ) 
 ( -0.000000  0.000000  0.000000 -0.000000 -0.464204  0.225974 ) 
 ( -0.000000 -0.000000  0.000000  0.000000 -0.464204  0.225974 ) 
 (  0.000000  0.000000  0.000000  0.000000  0.294370 -0.375510 ) 
 (  0.000000  0.000000  0.000000 -0.000000  0.477284  0.000000 ) 
     freq (   15) =      16.514888 [THz] =     550.877352 [cm-1]
 (  0.024632 -0.065949 -0.024632  0.065949 -0.000000 -0.000000 ) 
 (  0.027362  0.010141 -0.027362 -0.010141 -0.000000 -0.000000 ) 
 ( -0.447469 -0.183114  0.458302  0.154413 -0.000000 -0.000000 ) 
 ( -0.458302 -0.154413  0.447469  0.183114  0.000000  0.000000 ) 
 (  0.106169  0.044331 -0.106169 -0.044331 -0.000000  0.000000 ) 
 (  0.109531  0.036268 -0.109531 -0.036268 -0.000000  0.000000 ) 
     freq (   16) =      16.899512 [THz] =     563.707040 [cm-1]
 (  0.001422 -0.002379  0.001422 -0.002379 -0.000000 -0.000000 ) 
 (  0.051188  0.029734  0.051188  0.029734 -0.000000 -0.000000 ) 
 (  0.052543 -0.256330 -0.196428  0.173037  0.000000 -0.000000 ) 
 ( -0.196428  0.173037  0.052543 -0.256330 -0.000000  0.000000 ) 
 ( -0.198522 -0.374908 -0.198522 -0.374908  0.000000 -0.000000 ) 
 ( -0.423487  0.013716 -0.423487  0.013716  0.000000  0.000000 ) 
     freq (   17) =      20.610831 [THz] =     687.503306 [cm-1]
 (  0.012379  0.024040  0.012379  0.024040  0.000000 -0.000000 ) 
 ( -0.043850  0.022664 -0.043850  0.022664 -0.000000 -0.000000 ) 
 ( -0.134733 -0.288401  0.158454  0.276332  0.000000  0.000000 ) 
 (  0.158454  0.276332 -0.134733 -0.288401 -0.000000 -0.000000 ) 
 (  0.185327 -0.335815  0.185327 -0.335815  0.000000 -0.000000 ) 
 (  0.380860  0.043190  0.380860  0.043190 -0.000000  0.000000 ) 
     freq (   18) =      21.205011 [THz] =     707.323046 [cm-1]
 ( -0.046002 -0.004636 -0.046002 -0.004636 -0.000000  0.000000 ) 
 (  0.000710 -0.006542  0.000710 -0.006542  0.000000  0.000000 ) 
 ( -0.306349 -0.026927  0.305717  0.034066  0.000000  0.000000 ) 
 (  0.305717  0.034066 -0.306349 -0.026927 -0.000000 -0.000000 ) 
 (  0.386914  0.065406  0.386914  0.065406  0.000000 -0.000000 ) 
 ( -0.393024 -0.013157 -0.393024 -0.013157  0.000000  0.000000 ) 
 **************************************************************************
