Dynamical matrix file
Phonon dispersions for SnO2                                                
  2    6  6  9.1370330  1.0000000  0.6715977  0.0000000  0.0000000  0.0000000
           1  'Sn  '    108197.545983522     
           2  'O   '    14582.1964298742     
    1    1     -0.0003319700     -0.0003319700      0.0000000000
    2    1      0.4996674800      0.4996674800      0.3357988685
    3    2      0.8063691980      0.1929617810      0.3357988685
    4    2      0.1929617810      0.8063691980      0.3357988685
    5    2      0.3063704630      0.3063704630      0.0000000000
    6    2      0.6929630480      0.6929630480      0.0000000000

     Dynamical  Matrix in cartesian axes

     q = (    0.000000000   0.000000000   0.372246638 ) 

    1    1
  0.34657205  0.00000000    0.01763097  0.00000000    0.00000000  0.00000975
  0.01763097  0.00000000    0.34657205  0.00000000    0.00000000  0.00000975
  0.00000000 -0.00000975    0.00000000 -0.00000975    0.68953524  0.00000000
    1    2
 -0.07514166  0.07514166   -0.00022824  0.00022824    0.00001518  0.00001518
 -0.00022824  0.00022824   -0.07514166  0.07514166    0.00001518  0.00001518
  0.00000189  0.00000189    0.00000189  0.00000189    0.10387864 -0.10387864
    1    3
 -0.04290737  0.04290737    0.03591227 -0.03591227    0.02819938  0.02819938
  0.03580730 -0.03580730   -0.04297913  0.04297913   -0.02818227 -0.02818227
  0.03174011  0.03174011   -0.03174077 -0.03174077   -0.14072019  0.14072019
    1    4
 -0.04297913  0.04297913    0.03580730 -0.03580730   -0.02818227 -0.02818227
  0.03591227 -0.03591227   -0.04290737  0.04290737    0.02819938  0.02819938
 -0.03174077 -0.03174077    0.03174011  0.03174011   -0.14072019  0.14072019
    1    5
 -0.04270441  0.00000000   -0.05325270  0.00000000    0.00000000  0.01377678
 -0.05325270  0.00000000   -0.04270441  0.00000000    0.00000000  0.01377678
  0.00000000  0.00005343    0.00000000  0.00005343   -0.10630353  0.00000000
    1    6
 -0.04267572  0.00000000   -0.05322598  0.00000000    0.00000000 -0.01387750
 -0.05322598  0.00000000   -0.04267572  0.00000000    0.00000000 -0.01387750
  0.00000000 -0.00014191    0.00000000 -0.00014191   -0.10640663  0.00000000
    2    1
 -0.07514166 -0.07514166   -0.00022824 -0.00022824    0.00000189 -0.00000189
 -0.00022824 -0.00022824   -0.07514166 -0.07514166    0.00000189 -0.00000189
  0.00001518 -0.00001518    0.00001518 -0.00001518    0.10387864  0.10387864
    2    2
  0.34631126  0.00000000   -0.01722852  0.00000000    0.00000000 -0.00010955
 -0.01722852  0.00000000    0.34631126  0.00000000    0.00000000 -0.00010955
  0.00000000  0.00010955    0.00000000  0.00010955    0.68945676  0.00000000
    2    3
 -0.04295183  0.00000000    0.05290499  0.00000000    0.00000000  0.01383296
  0.05294877  0.00000000   -0.04294204  0.00000000    0.00000000 -0.01384952
  0.00000000  0.00010284    0.00000000 -0.00012081   -0.10645062  0.00000000
    2    4
 -0.04294204  0.00000000    0.05294877  0.00000000    0.00000000 -0.01384952
  0.05290499  0.00000000   -0.04295183  0.00000000    0.00000000  0.01383296
  0.00000000 -0.00012081    0.00000000  0.00010284   -0.10645062  0.00000000
    2    5
 -0.04271768 -0.04271768   -0.03573597 -0.03573597   -0.02823301  0.02823301
 -0.03573597 -0.03573597   -0.04271768 -0.04271768   -0.02823301  0.02823301
 -0.03166909  0.03166909   -0.03166909  0.03166909   -0.14079300 -0.14079300
    2    6
 -0.04278356 -0.04278356   -0.03580070 -0.03580070    0.02818132 -0.02818132
 -0.03580070 -0.03580070   -0.04278356 -0.04278356    0.02818132 -0.02818132
  0.03159980 -0.03159980    0.03159980 -0.03159980   -0.14073313 -0.14073313
    3    1
 -0.04290737 -0.04290737    0.03580730  0.03580730    0.03174011 -0.03174011
  0.03591227  0.03591227   -0.04297913 -0.04297913   -0.03174077  0.03174077
  0.02819938 -0.02819938   -0.02818227  0.02818227   -0.14072019 -0.14072019
    3    2
 -0.04295183  0.00000000    0.05294877  0.00000000    0.00000000 -0.00010284
  0.05290499  0.00000000   -0.04294204  0.00000000    0.00000000  0.00012081
  0.00000000 -0.01383296    0.00000000  0.01384952   -0.10645062  0.00000000
    3    3
  0.24084583  0.00000000   -0.17192142  0.00000000    0.00000000  0.00250242
 -0.17192142  0.00000000    0.24110809  0.00000000    0.00000000 -0.00242863
  0.00000000 -0.00250242    0.00000000  0.00242863    0.33190446  0.00000000
    3    4
 -0.04781734  0.00000000    0.04411389  0.00000000    0.00000000 -0.00326238
  0.04410155  0.00000000   -0.04781734  0.00000000    0.00000000  0.00318671
  0.00000000 -0.00318671    0.00000000  0.00326238    0.04358112  0.00000000
    3    5
 -0.03680554 -0.03680554   -0.00406552 -0.00406552    0.00078676 -0.00078676
  0.00408422  0.00408422    0.00280010  0.00280010    0.00749042 -0.00749042
 -0.00072089  0.00072089    0.00741506 -0.00741506    0.00727944  0.00727944
    3    6
  0.00280943  0.00280943    0.00407854  0.00407854   -0.00747915  0.00747915
 -0.00408316 -0.00408316   -0.03677742 -0.03677742   -0.00078671  0.00078671
 -0.00741435  0.00741435    0.00066138 -0.00066138    0.00727324  0.00727324
    4    1
 -0.04297913 -0.04297913    0.03591227  0.03591227   -0.03174077  0.03174077
  0.03580730  0.03580730   -0.04290737 -0.04290737    0.03174011 -0.03174011
 -0.02818227  0.02818227    0.02819938 -0.02819938   -0.14072019 -0.14072019
    4    2
 -0.04294204  0.00000000    0.05290499  0.00000000    0.00000000  0.00012081
  0.05294877  0.00000000   -0.04295183  0.00000000    0.00000000 -0.00010284
  0.00000000  0.01384952    0.00000000 -0.01383296   -0.10645062  0.00000000
    4    3
 -0.04781734  0.00000000    0.04410155  0.00000000    0.00000000  0.00318671
  0.04411389  0.00000000   -0.04781734  0.00000000    0.00000000 -0.00326238
  0.00000000  0.00326238    0.00000000 -0.00318671    0.04358112  0.00000000
    4    4
  0.24110809  0.00000000   -0.17192142  0.00000000    0.00000000 -0.00242863
 -0.17192142  0.00000000    0.24084583  0.00000000    0.00000000  0.00250242
  0.00000000  0.00242863    0.00000000 -0.00250242    0.33190446  0.00000000
    4    5
  0.00280010  0.00280010    0.00408422  0.00408422    0.00749042 -0.00749042
 -0.00406552 -0.00406552   -0.03680554 -0.03680554    0.00078676 -0.00078676
  0.00741506 -0.00741506   -0.00072089  0.00072089    0.00727944  0.00727944
    4    6
 -0.03677742 -0.03677742   -0.00408316 -0.00408316   -0.00078671  0.00078671
  0.00407854  0.00407854    0.00280943  0.00280943   -0.00747915  0.00747915
  0.00066138 -0.00066138   -0.00741435  0.00741435    0.00727324  0.00727324
    5    1
 -0.04270441  0.00000000   -0.05325270  0.00000000    0.00000000 -0.00005343
 -0.05325270  0.00000000   -0.04270441  0.00000000    0.00000000 -0.00005343
  0.00000000 -0.01377678    0.00000000 -0.01377678   -0.10630353  0.00000000
    5    2
 -0.04271768  0.04271768   -0.03573597  0.03573597   -0.03166909 -0.03166909
 -0.03573597  0.03573597   -0.04271768  0.04271768   -0.03166909 -0.03166909
 -0.02823301 -0.02823301   -0.02823301 -0.02823301   -0.14079300  0.14079300
    5    3
 -0.03680554  0.03680554    0.00408422 -0.00408422   -0.00072089 -0.00072089
 -0.00406552  0.00406552    0.00280010 -0.00280010    0.00741506  0.00741506
  0.00078676  0.00078676    0.00749042  0.00749042    0.00727944 -0.00727944
    5    4
  0.00280010 -0.00280010   -0.00406552  0.00406552    0.00741506  0.00741506
  0.00408422 -0.00408422   -0.03680554  0.03680554   -0.00072089 -0.00072089
  0.00749042  0.00749042    0.00078676  0.00078676    0.00727944 -0.00727944
    5    5
  0.24080771  0.00000000    0.17180404  0.00000000    0.00000000  0.00249816
  0.17180404  0.00000000    0.24080771  0.00000000    0.00000000  0.00249816
  0.00000000 -0.00249816    0.00000000 -0.00249816    0.33179034  0.00000000
    5    6
 -0.04778930  0.00000000   -0.04419762  0.00000000    0.00000000 -0.00327169
 -0.04419762  0.00000000   -0.04778930  0.00000000    0.00000000 -0.00327169
  0.00000000 -0.00326582    0.00000000 -0.00326582    0.04362681  0.00000000
    6    1
 -0.04267572  0.00000000   -0.05322598  0.00000000    0.00000000  0.00014191
 -0.05322598  0.00000000   -0.04267572  0.00000000    0.00000000  0.00014191
  0.00000000  0.01387750    0.00000000  0.01387750   -0.10640663  0.00000000
    6    2
 -0.04278356  0.04278356   -0.03580070  0.03580070    0.03159980  0.03159980
 -0.03580070  0.03580070   -0.04278356  0.04278356    0.03159980  0.03159980
  0.02818132  0.02818132    0.02818132  0.02818132   -0.14073313  0.14073313
    6    3
  0.00280943 -0.00280943   -0.00408316  0.00408316   -0.00741435 -0.00741435
  0.00407854 -0.00407854   -0.03677742  0.03677742    0.00066138  0.00066138
 -0.00747915 -0.00747915   -0.00078671 -0.00078671    0.00727324 -0.00727324
    6    4
 -0.03677742  0.03677742    0.00407854 -0.00407854    0.00066138  0.00066138
 -0.00408316  0.00408316    0.00280943 -0.00280943   -0.00741435 -0.00741435
 -0.00078671 -0.00078671   -0.00747915 -0.00747915    0.00727324 -0.00727324
    6    5
 -0.04778930  0.00000000   -0.04419762  0.00000000    0.00000000  0.00326582
 -0.04419762  0.00000000   -0.04778930  0.00000000    0.00000000  0.00326582
  0.00000000  0.00327169    0.00000000  0.00327169    0.04362681  0.00000000
    6    6
  0.24096405  0.00000000    0.17170534  0.00000000    0.00000000 -0.00256592
  0.17170534  0.00000000    0.24096405  0.00000000    0.00000000 -0.00256592
  0.00000000  0.00256592    0.00000000  0.00256592    0.33186880  0.00000000

     Dynamical  Matrix in cartesian axes

     q = (    0.000000000   0.000000000  -0.372246638 ) 

    1    1
  0.34657205  0.00000000    0.01763097  0.00000000    0.00000000 -0.00000975
  0.01763097  0.00000000    0.34657205  0.00000000    0.00000000 -0.00000975
  0.00000000  0.00000975    0.00000000  0.00000975    0.68953524  0.00000000
    1    2
 -0.07514166 -0.07514166   -0.00022824 -0.00022824    0.00001518 -0.00001518
 -0.00022824 -0.00022824   -0.07514166 -0.07514166    0.00001518 -0.00001518
  0.00000189 -0.00000189    0.00000189 -0.00000189    0.10387864  0.10387864
    1    3
 -0.04290737 -0.04290737    0.03591227  0.03591227    0.02819938 -0.02819938
  0.03580730  0.03580730   -0.04297913 -0.04297913   -0.02818227  0.02818227
  0.03174011 -0.03174011   -0.03174077  0.03174077   -0.14072019 -0.14072019
    1    4
 -0.04297913 -0.04297913    0.03580730  0.03580730   -0.02818227  0.02818227
  0.03591227  0.03591227   -0.04290737 -0.04290737    0.02819938 -0.02819938
 -0.03174077  0.03174077    0.03174011 -0.03174011   -0.14072019 -0.14072019
    1    5
 -0.04270441  0.00000000   -0.05325270  0.00000000    0.00000000 -0.01377678
 -0.05325270  0.00000000   -0.04270441  0.00000000    0.00000000 -0.01377678
  0.00000000 -0.00005343    0.00000000 -0.00005343   -0.10630353  0.00000000
    1    6
 -0.04267572  0.00000000   -0.05322598  0.00000000    0.00000000  0.01387750
 -0.05322598  0.00000000   -0.04267572  0.00000000    0.00000000  0.01387750
  0.00000000  0.00014191    0.00000000  0.00014191   -0.10640663  0.00000000
    2    1
 -0.07514166  0.07514166   -0.00022824  0.00022824    0.00000189  0.00000189
 -0.00022824  0.00022824   -0.07514166  0.07514166    0.00000189  0.00000189
  0.00001518  0.00001518    0.00001518  0.00001518    0.10387864 -0.10387864
    2    2
  0.34631126  0.00000000   -0.01722852  0.00000000    0.00000000  0.00010955
 -0.01722852  0.00000000    0.34631126  0.00000000    0.00000000  0.00010955
  0.00000000 -0.00010955    0.00000000 -0.00010955    0.68945676  0.00000000
    2    3
 -0.04295183  0.00000000    0.05290499  0.00000000    0.00000000 -0.01383296
  0.05294877  0.00000000   -0.04294204  0.00000000    0.00000000  0.01384952
  0.00000000 -0.00010284    0.00000000  0.00012081   -0.10645062  0.00000000
    2    4
 -0.04294204  0.00000000    0.05294877  0.00000000    0.00000000  0.01384952
  0.05290499  0.00000000   -0.04295183  0.00000000    0.00000000 -0.01383296
  0.00000000  0.00012081    0.00000000 -0.00010284   -0.10645062  0.00000000
    2    5
 -0.04271768  0.04271768   -0.03573597  0.03573597   -0.02823301 -0.02823301
 -0.03573597  0.03573597   -0.04271768  0.04271768   -0.02823301 -0.02823301
 -0.03166909 -0.03166909   -0.03166909 -0.03166909   -0.14079300  0.14079300
    2    6
 -0.04278356  0.04278356   -0.03580070  0.03580070    0.02818132  0.02818132
 -0.03580070  0.03580070   -0.04278356  0.04278356    0.02818132  0.02818132
  0.03159980  0.03159980    0.03159980  0.03159980   -0.14073313  0.14073313
    3    1
 -0.04290737  0.04290737    0.03580730 -0.03580730    0.03174011  0.03174011
  0.03591227 -0.03591227   -0.04297913  0.04297913   -0.03174077 -0.03174077
  0.02819938  0.02819938   -0.02818227 -0.02818227   -0.14072019  0.14072019
    3    2
 -0.04295183  0.00000000    0.05294877  0.00000000    0.00000000  0.00010284
  0.05290499  0.00000000   -0.04294204  0.00000000    0.00000000 -0.00012081
  0.00000000  0.01383296    0.00000000 -0.01384952   -0.10645062  0.00000000
    3    3
  0.24084583  0.00000000   -0.17192142  0.00000000    0.00000000 -0.00250242
 -0.17192142  0.00000000    0.24110809  0.00000000    0.00000000  0.00242863
  0.00000000  0.00250242    0.00000000 -0.00242863    0.33190446  0.00000000
    3    4
 -0.04781734  0.00000000    0.04411389  0.00000000    0.00000000  0.00326238
  0.04410155  0.00000000   -0.04781734  0.00000000    0.00000000 -0.00318671
  0.00000000  0.00318671    0.00000000 -0.00326238    0.04358112  0.00000000
    3    5
 -0.03680554  0.03680554   -0.00406552  0.00406552    0.00078676  0.00078676
  0.00408422 -0.00408422    0.00280010 -0.00280010    0.00749042  0.00749042
 -0.00072089 -0.00072089    0.00741506  0.00741506    0.00727944 -0.00727944
    3    6
  0.00280943 -0.00280943    0.00407854 -0.00407854   -0.00747915 -0.00747915
 -0.00408316  0.00408316   -0.03677742  0.03677742   -0.00078671 -0.00078671
 -0.00741435 -0.00741435    0.00066138  0.00066138    0.00727324 -0.00727324
    4    1
 -0.04297913  0.04297913    0.03591227 -0.03591227   -0.03174077 -0.03174077
  0.03580730 -0.03580730   -0.04290737  0.04290737    0.03174011  0.03174011
 -0.02818227 -0.02818227    0.02819938  0.02819938   -0.14072019  0.14072019
    4    2
 -0.04294204  0.00000000    0.05290499  0.00000000    0.00000000 -0.00012081
  0.05294877  0.00000000   -0.04295183  0.00000000    0.00000000  0.00010284
  0.00000000 -0.01384952    0.00000000  0.01383296   -0.10645062  0.00000000
    4    3
 -0.04781734  0.00000000    0.04410155  0.00000000    0.00000000 -0.00318671
  0.04411389  0.00000000   -0.04781734  0.00000000    0.00000000  0.00326238
  0.00000000 -0.00326238    0.00000000  0.00318671    0.04358112  0.00000000
    4    4
  0.24110809  0.00000000   -0.17192142  0.00000000    0.00000000  0.00242863
 -0.17192142  0.00000000    0.24084583  0.00000000    0.00000000 -0.00250242
  0.00000000 -0.00242863    0.00000000  0.00250242    0.33190446  0.00000000
    4    5
  0.00280010 -0.00280010    0.00408422 -0.00408422    0.00749042  0.00749042
 -0.00406552  0.00406552   -0.03680554  0.03680554    0.00078676  0.00078676
  0.00741506  0.00741506   -0.00072089 -0.00072089    0.00727944 -0.00727944
    4    6
 -0.03677742  0.03677742   -0.00408316  0.00408316   -0.00078671 -0.00078671
  0.00407854 -0.00407854    0.00280943 -0.00280943   -0.00747915 -0.00747915
  0.00066138  0.00066138   -0.00741435 -0.00741435    0.00727324 -0.00727324
    5    1
 -0.04270441  0.00000000   -0.05325270  0.00000000    0.00000000  0.00005343
 -0.05325270  0.00000000   -0.04270441  0.00000000    0.00000000  0.00005343
  0.00000000  0.01377678    0.00000000  0.01377678   -0.10630353  0.00000000
    5    2
 -0.04271768 -0.04271768   -0.03573597 -0.03573597   -0.03166909  0.03166909
 -0.03573597 -0.03573597   -0.04271768 -0.04271768   -0.03166909  0.03166909
 -0.02823301  0.02823301   -0.02823301  0.02823301   -0.14079300 -0.14079300
    5    3
 -0.03680554 -0.03680554    0.00408422  0.00408422   -0.00072089  0.00072089
 -0.00406552 -0.00406552    0.00280010  0.00280010    0.00741506 -0.00741506
  0.00078676 -0.00078676    0.00749042 -0.00749042    0.00727944  0.00727944
    5    4
  0.00280010  0.00280010   -0.00406552 -0.00406552    0.00741506 -0.00741506
  0.00408422  0.00408422   -0.03680554 -0.03680554   -0.00072089  0.00072089
  0.00749042 -0.00749042    0.00078676 -0.00078676    0.00727944  0.00727944
    5    5
  0.24080771  0.00000000    0.17180404  0.00000000    0.00000000 -0.00249816
  0.17180404  0.00000000    0.24080771  0.00000000    0.00000000 -0.00249816
  0.00000000  0.00249816    0.00000000  0.00249816    0.33179034  0.00000000
    5    6
 -0.04778930  0.00000000   -0.04419762  0.00000000    0.00000000  0.00327169
 -0.04419762  0.00000000   -0.04778930  0.00000000    0.00000000  0.00327169
  0.00000000  0.00326582    0.00000000  0.00326582    0.04362681  0.00000000
    6    1
 -0.04267572  0.00000000   -0.05322598  0.00000000    0.00000000 -0.00014191
 -0.05322598  0.00000000   -0.04267572  0.00000000    0.00000000 -0.00014191
  0.00000000 -0.01387750    0.00000000 -0.01387750   -0.10640663  0.00000000
    6    2
 -0.04278356 -0.04278356   -0.03580070 -0.03580070    0.03159980 -0.03159980
 -0.03580070 -0.03580070   -0.04278356 -0.04278356    0.03159980 -0.03159980
  0.02818132 -0.02818132    0.02818132 -0.02818132   -0.14073313 -0.14073313
    6    3
  0.00280943  0.00280943   -0.00408316 -0.00408316   -0.00741435  0.00741435
  0.00407854  0.00407854   -0.03677742 -0.03677742    0.00066138 -0.00066138
 -0.00747915  0.00747915   -0.00078671  0.00078671    0.00727324  0.00727324
    6    4
 -0.03677742 -0.03677742    0.00407854  0.00407854    0.00066138 -0.00066138
 -0.00408316 -0.00408316    0.00280943  0.00280943   -0.00741435  0.00741435
 -0.00078671  0.00078671   -0.00747915  0.00747915    0.00727324  0.00727324
    6    5
 -0.04778930  0.00000000   -0.04419762  0.00000000    0.00000000 -0.00326582
 -0.04419762  0.00000000   -0.04778930  0.00000000    0.00000000 -0.00326582
  0.00000000 -0.00327169    0.00000000 -0.00327169    0.04362681  0.00000000
    6    6
  0.24096405  0.00000000    0.17170534  0.00000000    0.00000000  0.00256592
  0.17170534  0.00000000    0.24096405  0.00000000    0.00000000  0.00256592
  0.00000000 -0.00256592    0.00000000 -0.00256592    0.33186880  0.00000000

     Diagonalizing the dynamical matrix

     q = (    0.000000000   0.000000000   0.372246638 ) 

 **************************************************************************
     freq (    1) =       2.486264 [THz] =      82.932825 [cm-1]
 (  0.000000 -0.333542 -0.000000 -0.333542 -0.000097 -0.000000 ) 
 (  0.272648 -0.272648  0.272648 -0.272648 -0.000285 -0.000285 ) 
 (  0.135576 -0.135576  0.135493 -0.135493 -0.000152 -0.000152 ) 
 (  0.135493 -0.135493  0.135576 -0.135576 -0.000152 -0.000152 ) 
 (  0.000000 -0.271589 -0.000000 -0.271589  0.137814 -0.000000 ) 
 (  0.000000 -0.271592 -0.000000 -0.271592 -0.138403  0.000000 ) 
     freq (    2) =       2.498560 [THz] =      83.342996 [cm-1]
 ( -0.321431  0.216380  0.321431 -0.216380 -0.000000 -0.000000 ) 
 ( -0.328522 -0.064170  0.328522  0.064170 -0.000000 -0.000000 ) 
 ( -0.268106 -0.052369  0.266180  0.051993  0.026685 -0.136613 ) 
 ( -0.266180 -0.051993  0.268106  0.052369 -0.026685  0.136613 ) 
 ( -0.156431  0.105306  0.156431 -0.105306  0.000000 -0.000000 ) 
 ( -0.154537  0.104031  0.154537 -0.104031 -0.000000  0.000000 ) 
     freq (    3) =       4.581434 [THz] =     152.820189 [cm-1]
 ( -0.000852 -0.000048  0.000852  0.000048  0.000000  0.000000 ) 
 (  0.000024  0.000027 -0.000024 -0.000027  0.000000  0.000000 ) 
 (  0.235732  0.263700  0.235413  0.263342  0.000256 -0.000229 ) 
 ( -0.235413 -0.263342 -0.235732 -0.263700 -0.000256  0.000229 ) 
 (  0.355162  0.019888 -0.355162 -0.019888  0.000000  0.000000 ) 
 ( -0.351002 -0.019656  0.351002  0.019656  0.000000  0.000000 ) 
     freq (    4) =       5.459727 [THz] =     182.116873 [cm-1]
 ( -0.000000  0.000105  0.000000  0.000105 -0.447565 -0.000000 ) 
 ( -0.000226  0.000226 -0.000226  0.000226 -0.316878 -0.316878 ) 
 (  0.030207 -0.030207 -0.029622  0.029622 -0.270267 -0.270267 ) 
 ( -0.029622  0.029622  0.030207 -0.030207 -0.270267 -0.270267 ) 
 (  0.000000 -0.042216 -0.000000 -0.042216 -0.382555 -0.000000 ) 
 ( -0.000000  0.042168  0.000000  0.042168 -0.382174  0.000000 ) 
     freq (    5) =       6.155110 [THz] =     205.312380 [cm-1]
 (  0.098808  0.150456 -0.098808 -0.150456 -0.000000 -0.000000 ) 
 (  0.026577 -0.128266 -0.026577  0.128266 -0.000000 -0.000000 ) 
 (  0.010377 -0.050079 -0.011375  0.054901 -0.085973 -0.017814 ) 
 (  0.011375 -0.054901 -0.010377  0.050079  0.085973  0.017814 ) 
 ( -0.255467 -0.389002  0.255467  0.389002  0.000000 -0.000000 ) 
 ( -0.257700 -0.392402  0.257700  0.392402 -0.000000  0.000000 ) 
     freq (    6) =       6.159585 [THz] =     205.461650 [cm-1]
 (  0.000000 -0.127469 -0.000000 -0.127469  0.000157 -0.000000 ) 
 ( -0.126433  0.126433 -0.126433  0.126433  0.000168  0.000168 ) 
 (  0.331084 -0.331084  0.330891 -0.330891  0.000126  0.000126 ) 
 (  0.330891 -0.330891  0.331084 -0.331084  0.000126  0.000126 ) 
 ( -0.000000 -0.053309  0.000000 -0.053309 -0.088818 -0.000000 ) 
 ( -0.000000 -0.053180  0.000000 -0.053180  0.088954  0.000000 ) 
     freq (    7) =       6.825675 [THz] =     227.680027 [cm-1]
 ( -0.000000  0.000081 -0.000000  0.000081  0.634050 -0.000000 ) 
 ( -0.000128  0.000128 -0.000128  0.000128 -0.447832 -0.447832 ) 
 ( -0.042356  0.042356  0.042304 -0.042304  0.145181  0.145181 ) 
 (  0.042304 -0.042304 -0.042356  0.042356  0.145181  0.145181 ) 
 ( -0.000000 -0.059702 -0.000000 -0.059702 -0.205358  0.000000 ) 
 (  0.000000  0.059488 -0.000000  0.059488 -0.204572  0.000000 ) 
     freq (    8) =       7.088287 [THz] =     236.439809 [cm-1]
 ( -0.000000  0.250366  0.000000  0.250366  0.000076  0.000000 ) 
 (  0.103721 -0.103721  0.103721 -0.103721  0.000024  0.000024 ) 
 (  0.319931 -0.319931  0.319786 -0.319786  0.000004  0.000004 ) 
 (  0.319786 -0.319786  0.319931 -0.319931  0.000004  0.000004 ) 
 ( -0.000000 -0.054820  0.000000 -0.054820 -0.023304 -0.000000 ) 
 ( -0.000000 -0.054858  0.000000 -0.054858  0.023566  0.000000 ) 
     freq (    9) =       7.091699 [THz] =     236.553600 [cm-1]
 (  0.141802  0.026513 -0.141802 -0.026513  0.000000 -0.000000 ) 
 ( -0.139248 -0.203294  0.139248  0.203294  0.000000  0.000000 ) 
 (  0.030761  0.044909 -0.032321 -0.047187  0.019024 -0.013030 ) 
 (  0.032321  0.047187 -0.030761 -0.044909 -0.019024  0.013030 ) 
 (  0.446024  0.083393 -0.446024 -0.083393 -0.000000  0.000000 ) 
 (  0.445939  0.083378 -0.445939 -0.083378  0.000000  0.000000 ) 
     freq (   10) =       9.326991 [THz] =     311.114919 [cm-1]
 ( -0.000058  0.000011  0.000058 -0.000011  0.000000  0.000000 ) 
 (  0.000162  0.000111 -0.000162 -0.000111 -0.000000 -0.000000 ) 
 ( -0.292016 -0.199926 -0.291584 -0.199631  0.000234 -0.000342 ) 
 (  0.291584  0.199631  0.292016  0.199926 -0.000234  0.000342 ) 
 (  0.346823 -0.064924 -0.346823  0.064924  0.000000 -0.000000 ) 
 ( -0.348046  0.065153  0.348046 -0.065153 -0.000000  0.000000 ) 
     freq (   11) =      14.744791 [THz] =     491.833280 [cm-1]
 ( -0.000000  0.011982  0.000000  0.011982  0.000051  0.000000 ) 
 ( -0.023078  0.023078 -0.023078  0.023078 -0.000056 -0.000056 ) 
 (  0.021001 -0.021001  0.020968 -0.020968 -0.000104 -0.000104 ) 
 (  0.020968 -0.020968  0.021001 -0.021001 -0.000104 -0.000104 ) 
 (  0.000000 -0.026482 -0.000000 -0.026482  0.704210  0.000000 ) 
 (  0.000000 -0.026619 -0.000000 -0.026619 -0.703795  0.000000 ) 
     freq (   12) =      14.747095 [THz] =     491.910133 [cm-1]
 (  0.032336  0.001371 -0.032336 -0.001371  0.000000 -0.000000 ) 
 (  0.007966  0.008672 -0.007966 -0.008672 -0.000000  0.000000 ) 
 ( -0.016287 -0.017729  0.016706  0.018185  0.518595 -0.476405 ) 
 ( -0.016706 -0.018185  0.016287  0.017729 -0.518595  0.476405 ) 
 ( -0.029495 -0.001251  0.029495  0.001251  0.000000 -0.000000 ) 
 ( -0.029142 -0.001236  0.029142  0.001236 -0.000000  0.000000 ) 
     freq (   13) =      16.061603 [THz] =     535.757410 [cm-1]
 ( -0.000000 -0.038814 -0.000000 -0.038814 -0.000071 -0.000000 ) 
 (  0.032144 -0.032144  0.032144 -0.032144 -0.000072 -0.000072 ) 
 (  0.060610 -0.060610  0.060529 -0.060529  0.000439  0.000439 ) 
 (  0.060529 -0.060529  0.060610 -0.060610  0.000439  0.000439 ) 
 (  0.000000  0.489526  0.000000  0.489526  0.050116 -0.000000 ) 
 (  0.000000  0.489481  0.000000  0.489481 -0.050363  0.000000 ) 
     freq (   14) =      16.069943 [THz] =     536.035601 [cm-1]
 ( -0.033313 -0.031365  0.033313  0.031365  0.000000 -0.000000 ) 
 ( -0.001168 -0.038774  0.001168  0.038774 -0.000000  0.000000 ) 
 (  0.014735  0.489186 -0.014750 -0.489667  0.047169 -0.001421 ) 
 (  0.014750  0.489667 -0.014735 -0.489186 -0.047169  0.001421 ) 
 ( -0.062345 -0.058699  0.062345  0.058699  0.000000 -0.000000 ) 
 ( -0.062337 -0.058692  0.062337  0.058692 -0.000000  0.000000 ) 
     freq (   15) =      16.402838 [THz] =     547.139789 [cm-1]
 (  0.000000  0.000058  0.000000  0.000058 -0.044260  0.000000 ) 
 ( -0.000012  0.000012 -0.000012  0.000012  0.031300  0.031300 ) 
 ( -0.010502  0.010502  0.010427 -0.010427  0.352534  0.352534 ) 
 (  0.010427 -0.010427 -0.010502  0.010502  0.352534  0.352534 ) 
 ( -0.000000 -0.015357 -0.000000 -0.015357 -0.498339  0.000000 ) 
 ( -0.000000  0.014652 -0.000000  0.014652 -0.498840  0.000000 ) 
     freq (   16) =      17.748924 [THz] =     592.040375 [cm-1]
 (  0.000000  0.000014  0.000000  0.000014 -0.040200  0.000000 ) 
 (  0.000004 -0.000004  0.000004 -0.000004 -0.028480 -0.028480 ) 
 (  0.217762 -0.217762 -0.217942  0.217942  0.171764  0.171764 ) 
 ( -0.217942  0.217942  0.217762 -0.217762  0.171764  0.171764 ) 
 (  0.000000 -0.308704  0.000000 -0.308704  0.243163  0.000000 ) 
 ( -0.000000  0.308409 -0.000000  0.308409  0.243138  0.000000 ) 
     freq (   17) =      18.901760 [THz] =     630.494863 [cm-1]
 ( -0.000000 -0.000004 -0.000000 -0.000004 -0.105264 -0.000000 ) 
 ( -0.000027  0.000027 -0.000027  0.000027 -0.074441 -0.074441 ) 
 ( -0.133727  0.133727  0.133782 -0.133782  0.293998  0.293998 ) 
 (  0.133782 -0.133782 -0.133727  0.133727  0.293998  0.293998 ) 
 ( -0.000000  0.189203 -0.000000  0.189203  0.415459 -0.000000 ) 
 (  0.000000 -0.189715  0.000000 -0.189715  0.415681  0.000000 ) 
     freq (   18) =      20.658441 [THz] =     689.091418 [cm-1]
 (  0.000000 -0.000001  0.000000 -0.000001 -0.015689  0.000000 ) 
 (  0.000011 -0.000011  0.000011 -0.000011  0.011032  0.011032 ) 
 ( -0.249723  0.249723  0.249846 -0.249846 -0.018580 -0.018580 ) 
 (  0.249846 -0.249846 -0.249723  0.249723 -0.018580 -0.018580 ) 
 ( -0.000000 -0.352655 -0.000000 -0.352655  0.026321  0.000000 ) 
 (  0.000000  0.352762  0.000000  0.352762  0.026139  0.000000 ) 
 **************************************************************************
